1
15
17
19
32
47
53
55
59
62
67
77
83
86
87
89
92
101
108
118
120
122
130
132
137
138
150
154
156
169
171
172
176
182
184
185
210
214
236
237
240
241
249
252
253
259
265
268
282
286
287
288
301
328
334
337
346
348
349
358
359
363
372
381
406
427
429
439
447
452
470
473
474
488
500
504
517
520
528
542
550
553
557
558
561
564
567
594
605
610
611
617
623
626
633
637
643
665
666
681
686
688
700
709
713
716
721
726
728
737
763
766
768
770
779
786
791
793
795
802
807
809
819
821
834
844
846
867
871
877
880
895
899
906
913
915
916
918
920
925
931
934
940
942
945
949
952
955
956
958
965
976
977
983
985
987
992
1000
1005
1006
1013
1017
1029
1030
1032
1039
1043
1047
1051
1054
1057
1059
1070
1072
1076
1077
1078
1079
1081
1093
1098
1099
1128
1129
1153
1162
1197
1199
1202
1206
1213
1227
1231
1232
1236
1239
1242
1249
1259
1264
1266
1268
1275
1283
1284
1288
1289
1290
1293
1297
1300
1309
1310
1312
1314
1318
1335
1354
1358
1360
1373
1383
1394
1396
1401
1402
1406
1412
1415
1417
1418
1427
1431
1433
1435
1436
1445
1451
1453
1454
1458
1459
1460
1464
1465
1487
1511
1522
1532
1551
1555
1558
1565
1582
1588
1602
1610
1615
1621
1625
1628
1640
1647
1662
1663
1664
1669
1676
1682
1688
1713
1719
1721
1722
1760
1771
1775
1780
1782
1788
1799
1802
1806
1807
1808
1809
1811
1824
1836
1844
1846
1860
1871
1892
1910
1917
1926
1929
1937
1948
1949
1965
1966
1970
1973
1986
1989
1995
1996
2000
2005
2018
2021
2022
2025
2031
2038
2041
2043
2046
2057
2060
2072
2084
2088
2094
2096
2102
2120
2140
2142
2152
2153
2154
2162
2168
2176
2180
2184
2194
2198
2206
2217
2219
2220
2234
2241
2246
2248
2263
2264
2278
2279
2286
2289
2292
2295
2297
2310
2315
2324
2325
2328
2341
2354
2358
2366
2376
2380
2381
2384
2398
2418
2433
2436
2441
2442
2449
2450
2464
2470
2487
2488
2494
2496
2498
2505
2507
2511
2531
2534
2538
2558
2583
2598
2607
2611
2615
2616
2618
2621
2622
2625
2628
2630
2638
2641
2647
2648
2649
2651
2653
2662
2671
2673
2674
2679
2684
2695
2701
2710
2719
2720
2723
2736
2739
2741
2756
2762
2764
2769
2773
2776
2777
2785
2796
2800
2815
2821
2827
2831
2843
2860
2861
2872
2875
2887
2890
2892
2897
2910
2911
2918
2926
2932
2950
2952
2957
2960
2963
2968
2969
2972
2974
2982
2985
2988
2990
2998
3000
3004
3005
3011
3014
3019
3029
3032
3040
3049
3051
3056
3067
3069
3079
3087
3095
3100
3112
3114
3118
3120
3128
3133
3136
3137
3141
3160
3162
3170
3187
3194
3199
3204
3208
3212
3219
3227
3233
3241
3245
3271
3272
3284
3286
3289
3297
3299
3301
3304
3306
3307
3314
3316
3318
3320
3325
3340
3353
3360
3366
3367
3380
3382
3387
3403
3405
3407
3414
3416
3417
3430
3438
3443
3465
3467
3469
3473
3474
3475
3481
3483
3487
3495
3499
3500
3502
3506
3508
3509
3510
3511
3521
3528
3533
3540
3543
3557
3570
3571
3573
3591
3592
3597
3600
3614
3621
3623
3632
3639
3642
3643
3644
3645
3652
3657
3659
3661
3665
3667
3682
3693
3694
3699
3706
3710
3711
3748
3753
3762
3769
3785
3789
3790
3795
3797
3802
3804
3811
3812
3814
3822
3824
3826
3830
3831
3832
3834
3835
3845
3861
3875
3882
3886
3894
3898
3900
3912
3919
3923
3933
3934
3937
3946
3950
3956
3957
3970
3977
3978
3984
3986
3995
3998
3999
4014
4015
4028
4035
4039
4045
4047
4048
4056
4057
4058
4059
4062
4076
4077
4080
4089
4091
4092
4093
4106
4114
4117
4134
4135
4136
4143
4144
4145
4150
4152
4176
4181
4183
4197
4199
4213
4226
4227
4231
4238
4242
4243
4247
4248
4251
4268
4279
4283
4284
4290
4292
4313
4321
4325
4327
4335
4337
4357
4361
4370
4375
4383
4390
4394
4398
4400
4403
4406
4414
4421
4427
4430
4436
4441
4449
4473
4476
4478
4489
4491
4492
4495
4516
4522
4524
4534
4535
4550
4551
4558
4561
4569
4579
4580
4582
4586
4589
4592
4597
4600
4603
4606
4610
4613
4614
4617
4618
4624
4629
4632
4633
4637
4648
4656
4657
4658
4662
4664
4674
4682
4685
4696
4698
4699
4700
4715
4726
4727
4730
4733
4735
4766
4767
4781
4787
4791
4810
4813
4816
4818
4819
4838
4861
4862
4865
4869
4881
4885
4886
4898
4901
4907
4911
4924
4931
4936
4947
4955
4957
4962
4965
4968
4988
4998
5001
5009
5032
5033
5035
5036
5037
5046
5053
5058
5072
5075
5076
5081
5088
5089
5090
5092
5097
5098
5103
5111
5138
5145
5148
5149
5150
5151
5153
5155
5157
5159
5162
5177
5189
5193
5209
5210
5213
5216
5240
5252
5255
5256
5268
5279
5287
5290
5292
5293
5297
5298
5300
5301
5311
5313
5320
5323
5326
5329
5331
5341
5342
5351
5361
5363
5373
5375
5377
5381
5383
5384
5394
5397
5398
5399
5412
5423
5427
5434
5447
5449
5454
5456
5463
5468
5474
5478
5482
5485
5490
5495
5505
5512
5514
5518
5519
5520
5528
5536
5539
5551
5562
5572
5580
5586
5587
5592
5599
5608
5609
5621
5628
5633
5647
5649
5650
5656
5657
5662
5663
5665
5674
5676
5689
5690
5695
5697
5699
5702
5704
5708
5720
5724
5734
5735
5739
5742
5745
5758
5760
5766
5787
5798
5804
5810
5815
5820
5821
5828
5829
5831
5837
5839
5853
5857
5859
5862
5865
5867
5871
5875
5879
5882
5885
5886
5905
5915
5928
5935
5936
5940
5951
5958
5962
5969
5972
5975
5981
5986
5988
6015
6027
6028
6047
6049
6056
6068
6073
6075
6083
6088
6091
6096
6104
6122
6125
6136
6141
6142
6157
6170
6171
6172
6176
6182
6190
6194
6196
6204
6206
6210
6217
6222
6224
6227
6233
6238
6244
6251
6255
6258
6284
6286
6290
6300
6304
6306
6318
6327
6330
6336
6343
6349
6359
6372
6375
6382
6395
6397
6410
6411
6419
6423
6433
6438
6443
6446
6451
6455
6459
6464
6465
6467
6470
6472
6481
6482
6485
6486
6487
6499
6500
6507
6512
6515
6518
6521
6523
6524
6534
6538
6548
6559
6569
6570
6579
6581
6584
6591
6592
6593
6605
6620
6633
6635
6636
6640
6647
6648
6652
6656
6663
6665
6666
6677
6702
6705
6711
6719
6722
6727
6728
6730
6737
6740
6742
6745
6747
6756
6767
6776
6788
6789
6794
6799
6803
6804
6807
6808
6813
6817
6828
6840
6847
6851
6856
6860
6863
6877
6897
6902
6904
6912
6933
6936
6942
6950
6951
6958
6967
6968
6971
6972
6977
6982
6992
6994
6995
6996
7002
7003
7004
7005
7007
7012
7013
7015
7018
7022
7024
7025
7027
7034
7035
7037
7041
7042
7043
7048
7053
7059
7066
7087
7090
7095
7096
7102
7108
7109
7112
7118
7128
7130
7135
7136
7148
7156
7159
7163
7169
7170
7171
7176
7188
7192
7194
7206
7227
7230
7249
7257
7264
7266
7276
7299
7309
7314
7318
7333
7335
7344
7350
7351
7352
7368
7376
7386
7389
7399
7402
7409
7417
7420
7423
7424
7428
7433
7444
7446
7465
7469
7470
7480
7486
7489
7495
7505
7511
7520
7528
7535
7539
7541
7542
7544
7550
7562
7565
7570
7580
7585
7599
7603
7608
7610
7618
7619
7620
7633
7637
7642
7651
7652
7657
7666
7684
7696
7698
7700
7702
7712
7724
7726
7732
7733
7742
7749
7757
7763
7777
7778
7794
7798
7813
7830
7850
7854
7858
7864
7873
7883
7884
7888
7900
7906
7921
7934
7936
7946
7958
7960
7973
7974
7975
7976
7981
7984
7986
8005
8010
8014
8024
8028
8029
8040
8043
8057
8063
8065
8068
8074
8083
8086
8087
8088
8091
8104
8106
8113
8115
8137
8144
8158
8160
8166
8170
8171
8178
8180
8189
8192
8198
8201
8210
8215
8222
8227
8229
8239
8244
8250
8255
8257
8262
8264
8271
8277
8280
8282
8290
8292
8306
8307
8313
8316
8318
8320
8328
8331
8339
8342
8349
8353
8367
8375
8376
8377
8390
8408
8409
8414
8415
8421
8423
8425
8427
8432
8441
8443
8445
8454
8457
8476
8480
8490
8507
8520
8522
8529
8534
8544
8548
8558
8562
8565
8566
8567
8571
8572
8578
8604
8607
8609
8611
8613
8622
8626
8629
8632
8639
8640
8656
8657
8658
8666
8677
8687
8690
8696
8698
8700
8705
8711
8712
8733
8750
8751
8767
8786
8789
8794
8797
8799
8810
8818
8825
8828
8831
8833
8835
8837
8842
8845
8846
8859
8863
8870
8872
8873
8882
8883
8886
8913
8918
8920
8922
8924
8946
8947
8952
8956
8960
8967
8968
8973
8978
8980
8985
8986
8988
9010
9012
9017
9033
9045
9050
9051
9080
9083
9086
9091
9097
9098
9107
9110
9115
9118
9120
9121
9136
9139
9145
9146
9148
9160
9168
9174
9180
9185
9193
9195
9209
9214
9219
9221
9227
9228
9237
9239
9245
9261
9263
9272
9278
9280
9281
9282
9315
9322
9326
9351
9355
9361
9364
9372
9374
9376
9382
9390
9393
9394
9396
9402
9405
9416
9420
9421
9423
9428
9436
9442
9450
9456
9466
9468
9477
9478
9479
9490
9493
9495
9496
9504
9505
9506
9510
9514
9516
9518
9520
9523
9524
9525
9543
9547
9559
9567
9573
9597
9602
9610
9619
9622
9623
9628
9639
9643
9657
9658
9661
9678
9680
9681
9693
9695
9696
9710
9717
9718
9720
9721
9723
9724
9726
9729
9737
9744
9745
9749
9760
9769
9791
9797
9805
9806
9811
9815
9817
9828
9841
9847
9848
9849
9850
9851
9853
9855
9856
9857
9858
9863
9864
9866
9867
9872
9881
9883
9885
9905
9910
9915
9919
9924
9925
9935
9943
9947
9955
9958
9991
10000
10001
10002
10012
10027
10033
10037
10039
10045
10064
10068
10078
10079
10081
10084
10085
10104
10108
10115
10125
10130
10136
10145
10152
10154
10158
10163
10166
10167
10173
10181
10195
10196
10200
10205
10208
10211
10212
10221
10225
10232
10235
10237
10239
10244
10249
10258
10265
10266
10269
10270
10274
10280
10287
10289
10295
10298
10300
10311
10317
10321
10332
10340
10349
10352
10357
10363
10369
10374
10392
10408
10414
10416
10419
10424
10429
10433
10440
10449
10455
10456
10462
10464
10474
10480
10488
10491
10501
10505
10509
10513
10520
10522
10544
10559
10567
10573
10577
10578
10586
10592
10593
10604
10613
10622
10623
10626
10635
10636
10638
10639
10643
10652
10655
10657
10665
10669
10670
10675
10682
10695
10706
10715
10729
10737
10738
10741
10748
10749
10757
10759
10760
10763
10766
10772
10773
10774
10788
10793
10798
10803
10812
10825
10828
10829
10830
10840
10843
10848
10849
10855
10864
10872
10902
10903
10913
10923
10924
10926
10941
10951
10955
10957
10959
10961
10968
10969
10978
10988
10996
11000
11001
11002
11008
11021
11034
11040
11042
11061
11066
11078
11083
11092
11107
11112
11113
11114
11117
11125
11138
11144
11160
11165
11166
11176
11184
11188
11199
11209
11217
11223
11227
11231
11236
11247
11248
11258
11262
11267
11269
11277
11278
11279
11281
11288
11305
11313
11318
11354
11356
11363
11372
11374
11377
11390
11392
11397
11412
11427
11430
11441
11442
11450
11456
11464
11471
11477
11481
11483
11490
11492
11501
11502
11511
11516
11517
11521
11524
11539
11541
11544
11569
11572
11573
11577
11580
11583
11590
11594
11604
11611
11616
11620
11622
11627
11639
11640
11669
11680
11686
11688
11693
11706
11708
11710
11714
11716
11722
11727
11753
11754
11759
11761
11766
11769
11778
11781
11796
11797
11805
11820
11822
11835
11842
11846
11855
11866
11880
11886
11887
11892
11894
11896
11903
11909
11916
11922
11923
11925
11937
11940
11941
11942
11943
11949
11950
11966
11974
11975
11981
11985
11986
11988
11992
11994
12014
12017
12023
12030
12036
12037
12065
12069
12070
12072
12085
12086
12087
12100
12105
12108
12112
12118
12121
12127
12133
12135
12136
12137
12139
12156
12160
12164
12165
12175
12183
12189
12190
12191
12209
12213
12219
12227
12233
12238
12242
12252
12253
12255
12258
12261
12263
12267
12269
12276
12282
12284
12288
12303
12306
12307
12314
12318
12338
12346
12347
12352
12358
12359
12366
12381
12390
12391
12396
12400
12410
12414
12415
12425
12454
12461
12463
12468
12474
12475
12476
12480
12482
12483
12486
12493
12501
12507
12516
12518
12520
12521
12529
12530
12535
12552
12570
12577
12582
12583
12589
12591
12593
12598
12604
12611
12620
12629
12641
12643
12645
12657
12658
12659
12663
12666
12676
12683
12690
12709
12720
12723
12727
12735
12739
12755
12759
12772
12774
12778
12786
12802
12813
12815
12818
12822
12823
12826
12827
12829
12830
12834
12839
12846
12859
12865
12866
12868
12880
12882
12884
12897
12903
12905
12909
12916
12927
12929
12933
12934
12938
12942
12943
12944
12949
12956
12980
13001
13002
13003
13004
13006
13007
13011
13015
13016
13019
13025
13032
13044
13053
13058
13059
13063
13078
13087
13089
13091
13092
13095
13118
13119
13125
13141
13151
13152
13155
13160
13172
13173
13178
13179
13181
13182
13187
13212
13226
13235
13239
13241
13255
13256
13259
13261
13262
13263
13267
13273
13274
13275
13288
13291
13296
13305
13316
13320
13323
13330
13341
13343
13349
13351
13354
13361
13362
13364
13367
13370
13378
13379
13384
13392
13398
13401
13404
13427
13437
13446
13458
13473
13481
13484
13490
13492
13500
13502
13509
13514
13516
13530
13538
13548
13555
13570
13580
13591
13595
13596
13602
13608
13615
13616
13628
13634
13655
13657
13673
13679
13689
13693
13706
13707
13713
13721
13734
13738
13744
13748
13755
13762
13767
13771
13779
13781
13802
13827
13833
13840
13847
13852
13857
13868
13871
13880
13881
13890
13899
13900
13901
13911
13921
13925
13927
13932
13942
13950
13953
13954
13980
13985
13988
13989
13997
13998
13999
14002
14003
14013
14016
14017
14018
14020
14029
14032
14038
14043
14044
14049
14056
14058
14060
14097
14112
14114
14125
14127
14142
14151
14152
14154
14160
14163
14169
14170
14175
14176
14187
14198
14203
14213
14216
14217
14218
14226
14227
14233
14240
14248
14251
14257
14263
14264
14279
14281
14282
14285
14294
14297
14298
14320
14328
14332
14334
14336
14339
14340
14343
14352
14354
14365
14369
14371
14372
14402
14407
14418
14419
14420
14424
14457
14460
14464
14472
14474
14482
14491
14497
14501
14505
14506
14523
14526
14528
14531
14537
14539
14541
14546
14554
14555
14567
14572
14573
14592
14606
14609
14624
14629
14632
14633
14636
14649
14655
14689
14690
14698
14708
14713
14722
14760
14763
14766
14771
14778
14786
14790
14796
14797
14802
14812
14814
14820
14827
14830
14840
14843
14855
14856
14859
14872
14882
14883
14890
14900
14906
14908
14910
14911
14912
14921
14928
14931
14940
14952
14953
14957
14968
14974
14975
14976
14980
14987
14994
15004
15012
15015
15017
15018
15023
15026
15028
15036
15037
15040
15046
15054
15060
15073
15078
15080
15084
15086
15105
15111
15115
15126
15130
15131
15139
15141
15143
15153
15178
15182
15190
15194
15197
15199
15206
15210
15212
15213
15216
15219
15226
15227
15230
15235
15238
15240
15241
15257
15265
15266
15279
15290
15292
15296
15303
15310
15313
15318
15320
15324
15335
15340
15344
15351
15360
15369
15370
15392
15394
15398
15400
15403
15405
15409
15417
15424
15429
15433
15466
15472
15474
15475
15483
15487
15490
15492
15501
15510
15520
15523
15527
15530
15531
15533
15545
15548
15563
15566
15569
15571
15581
15582
15588
15612
15623
15645
15655
15662
15665
15671
15672
15677
15721
15724
15726
15729
15734
15748
15759
15763
15769
15775
15780
15785
15798
15799
15803
15804
15814
15823
15830
15832
15839
15871
15872
15876
15878
15882
15889
15890
15893
15900
15901
15906
15909
15910
15919
15929
15936
15941
15942
15952
15958
15962
15968
15986
15993
16008
16009
16010
16012
16015
16016
16024
16025
16034
16036
16038
16041
16044
16048
16049
16062
16065
16067
16070
16071
16078
16082
16092
16095
16097
16103
16115
16117
16118
16122
16127
16131
16143
16148
16156
16161
16165
16168
16173
16176
16190
16205
16207
16208
16227
16231
16235
16237
16246
16251
16254
16265
16270
16271
16291
16298
16304
16306
16308
16309
16314
16315
16328
16335
16343
16356
16362
16363
16372
16373
16384
16388
16389
16398
16404
16406
16412
16413
16417
16418
16421
16442
16454
16459
16474
16489
16496
16498
16503
16509
16513
16521
16522
16534
16537
16540
16550
16551
16558
16567
16568
16574
16580
16597
16601
16609
16615
16628
16638
16642
16643
16644
16645
16647
16655
16668
16671
16680
16691
16704
16709
16710
16712
16715
16719
16727
16728
16729
16757
16762
16765
16770
16772
16776
16784
16791
16796
16799
16804
16806
16807
16817
16818
16820
16825
16832
16833
16840
16846
16847
16850
16866
16870
16872
16876
16880
16881
16882
16883
16887
16891
16892
16904
16906
16916
16917
16918
16920
16933
16938
16947
16949
16953
16954
16955
16958
16961
16973
16978
16983
16985
16990
16996
16999
17002
17003
17004
17007
17012
17024
17025
17027
17034
17040
17041
17049
17057
17060
17061
17065
17069
17080
17081
17090
17094
17096
17099
17107
17108
17109
17110
17124
17136
17151
17155
17162
17167
17180
17181
17182
17190
17195
17197
17202
17203
17205
17206
17208
17211
17212
17224
17228
17234
17246
17252
17253
17261
17265
17266
17270
17276
17285
17289
17290
17296
17299
17304
17305
17329
17335
17342
17352
17355
17356
17361
17362
17371
17379
17393
17400
17402
17403
17408
17414
17427
17431
17432
17437
17451
17452
17454
17460
17481
17482
17487
17488
17502
17516
17521
17528
17534
17542
17543
17555
17558
17562
17563
17573
17575
17579
17611
17628
17629
17635
17645
17660
17661
17663
17669
17681
17695
17696
17712
17713
17725
17726
17727
17728
17733
17735
17737
17761
17779
17785
17787
17792
17795
17802
17809
17813
17819
17825
17838
17839
17841
17844
17849
17855
17898
17911
17922
17935
17940
17942
17944
17950
17953
17955
17961
17969
17972
17980
17982
17993
17998
18004
18008
18010
18015
18016
18021
18027
18030
18031
18043
18056
18065
18068
18076
18078
18091
18092
18096
18104
18105
18110
18124
18142
18148
18163
18166
18177
18180
18184
18190
18201
18203
18204
18207
18211
18229
18233
18235
18237
18239
18240
18248
18256
18260
18262
18268
18271
18273
18274
18279
18280
18282
18298
18302
18312
18319
18334
18339
18356
18360
18368
18391
18403
18404
18420
18426
18427
18431
18453
18459
18465
18471
18474
18475
18476
18488
18503
18509
18524
18532
18533
18537
18545
18549
18554
18579
18580
18582
18585
18590
18595
18596
18607
18616
18624
18628
18631
18632
18637
18638
18646
18647
18657
18669
18671
18672
18674
18679
18681
18686
18693
18694
18703
18723
18727
18742
18750
18751
18757
18760
18763
18778
18780
18801
18811
18815
18816
18817
18837
18849
18865
18872
18874
18878
18884
18887
18895
18904
18907
18921
18924
18925
18926
18928
18931
18942
18945
18970
18973
18974
18980
18982
18994
19002
19004
19005
19033
19035
19039
19050
19059
19063
19080
19085
19097
19101
19102
19117
19133
19145
19146
19147
19149
19155
19160
19175
19176
19178
19180
19182
19190
19192
19197
19201
19204
19210
19212
19217
19223
19227
19229
19230
19245
19253
19256
19257
19262
19275
19284
19290
19294
19301
19303
19340
19348
19351
19354
19356
19366
19368
19375
19380
19382
19385
19394
19415
19425
19439
19444
19452
19458
19460
19461
19469
19476
19478
19490
19492
19498
19508
19514
19516
19519
19522
19524
19525
19529
19531
19532
19533
19538
19567
19574
19593
19599
19608
19609
19616
19634
19635
19643
19666
19668
19674
19684
19687
19698
19701
19704
19708
19717
19728
19733
19736
19742
19751
19754
19758
19761
19772
19773
19774
19786
19787
19793
19795
19797
19812
19823
19828
19834
19841
19842
19845
19847
19848
19851
19859
19864
19869
19872
19880
19887
19892
19897
19909
19911
19914
19916
19928
19941
19946
19947
19952
19953
19955
19957
19959
19966
19971
19973
19974
19977
19980
19993
20004
20006
20008
20012
20014
20021
20038
20049
20055
20056
20058
20066
20080
20095
20109
20110
20116
20117
20126
20130
20150
20152
20162
20163
20165
20166
20173
20176
20178
20179
20185
20195
20205
20214
20216
20224
20238
20239
20244
20245
20247
20251
20263
20264
20268
20277
20279
20282
20284
20301
20303
20304
20312
20316
20330
20332
20336
20338
20343
20352
20367
20368
20369
20373
20374
20386
20388
20391
20399
20404
20411
20412
20430
20436
20437
20439
20440
20441
20443
20449
20451
20455
20465
20469
20471
20479
20485
20495
20501
20510
20520
20536
20542
20543
20549
20550
20554
20563
20574
20575
20586
20594
20595
20597
20601
20614
20638
20640
20647
20656
20658
20665
20668
20673
20676
20682
20685
20689
20696
20707
20711
20712
20714
20722
20728
20730
20735
20736
20737
20744
20747
20766
20770
20775
20779
20781
20788
20789
20792
20793
20803
20804
20811
20812
20820
20824
20831
20832
20836
20841
20851
20857
20863
20867
20871
20877
20894
20896
20899
20900
20904
20937
20938
20952
20957
20958
20960
20963
20967
20973
20978
20979
20986
20990
20992
20994
21001
21005
21019
21021
21023
21025
21028
21033
21036
21040
21050
21058
21059
21060
21061
21065
21069
21072
21073
21074
21075
21085
21087
21091
21092
21095
21099
21102
21107
21109
21115
21116
21133
21150
21181
21191
21225
21226
21228
21231
21235
21244
21247
21249
21250
21261
21265
21275
21280
21282
21283
21288
21289
21294
21295
21305
21306
21307
21312
21321
21326
21329
21341
21346
21356
21357
21360
21365
21370
21375
21376
21377
21380
21384
21389
21390
21391
21396
21398
21410
21412
21414
21417
21420
21421
21423
21424
21439
21442
21454
21456
21467
21481
21483
21484
21487
21522
21525
21537
21547
21560
21564
21574
21577
21583
21589
21598
21599
21600
21601
21604
21608
21623
21627
21632
21633
21637
21642
21644
21659
21669
21672
21673
21682
21711
21712
21715
21722
21728
21743
21755
21758
21765
21766
21767
21768
21772
21783
21790
21796
21805
21815
21816
21817
21826
21827
21837
21838
21844
21853
21871
21872
21874
21879
21894
21898
21902
21909
21926
21928
21936
21949
21950
21955
21956
21967
21969
21970
21972
21976
21977
21980
21986
21991
21995
21999
22001
22002
22005
22007
22016
22017
22018
22023
22025
22026
22034
22038
22056
22060
22063
22065
22066
22075
22080
22084
22085
22086
22096
22097
22102
22110
22111
22117
22126
22128
22141
22143
22145
22148
22149
22156
22162
22171
22174
22175
22176
22181
22184
22195
22199
22203
22208
22222
22226
22234
22249
22261
22276
22286
22291
22310
22313
22314
22325
22328
22333
22350
22351
22355
22357
22364
22372
22380
22384
22387
22398
22400
22408
22412
22420
22436
22439
22440
22441
22442
22448
22453
22454
22461
22464
22468
22480
22487
22492
22502
22526
22527
22532
22540
22541
22543
22549
22550
22553
22555
22570
22571
22573
22574
22576
22581
22598
22601
22605
22607
22618
22627
22634
22639
22648
22649
22660
22667
22679
22695
22699
22706
22710
22712
22714
22716
22724
22727
22735
22736
22748
22749
22753
22759
22762
22763
22768
22769
22777
22782
22796
22798
22801
22802
22807
22813
22814
22823
22825
22828
22830
22833
22843
22846
22856
22860
22862
22874
22875
22877
22882
22883
22889
22890
22891
22893
22907
22908
22915
22923
22933
22947
22959
22965
22969
22973
22977
22980
22984
22995
22999
23001
23005
23009
23037
23040
23047
23061
23067
23068
23071
23072
23074
23091
23094
23095
23103
23104
23110
23113
23122
23123
23127
23131
23140
23142
23149
23169
23171
23181
23182
23185
23193
23203
23206
23211
23218
23223
23225
23228
23241
23244
23247
23253
23259
23275
23276
23277
23287
23295
23299
23302
23304
23312
23320
23324
23329
23330
23336
23346
23355
23364
23365
23372
23373
23400
23401
23404
23408
23413
23422
23424
23432
23433
23435
23455
23479
23481
23488
23491
23499
23501
23507
23508
23512
23517
23520
23521
23524
23529
23543
23546
23550
23555
23572
23582
23583
23592
23594
23595
23596
23598
23602
23603
23608
23613
23625
23634
23636
23644
23646
23666
23672
23682
23686
23694
23698
23706
23710
23720
23725
23730
23736
23738
23739
23746
23748
23753
23766
23771
23772
23775
23779
23796
23800
23804
23805
23806
23807
23814
23821
23824
23827
23833
23840
23842
23843
23850
23855
23858
23864
23871
23873
23882
23885
23889
23896
23897
23899
23902
23904
23910
23914
23917
23924
23934
23942
23945
23951
23956
23959
23976
23979
23994
24010
24017
24032
24041
24042
24043
24045
24053
24065
24073
24085
24091
24092
24100
24106
24125
24126
24142
24145
24146
24147
24148
24156
24169
24193
24195
24202
24221
24227
24233
24245
24252
24253
24257
24266
24272
24274
24285
24291
24298
24301
24306
24307
24325
24326
24334
24345
24351
24352
24373
24380
24385
24394
24403
24428
24430
24439
24440
24453
24465
24469
24503
24504
24512
24514
24522
24526
24533
24535
24541
24549
24560
24587
24594
24608
24611
24613
24616
24622
24627
24629
24630
24632
24636
24656
24658
24673
24687
24690
24699
24700
24704
24705
24709
24724
24731
24736
24738
24742
24754
24765
24766
24770
24771
24773
24782
24787
24792
24796
24817
24820
24824
24833
24835
24851
24861
24862
24864
24868
24885
24909
24913
24914
24921
24927
24931
24933
24940
24942
24944
24951
24953
24968
24996
25002
25006
25012
25017
25019
25029
25032
25058
25075
25113
25117
25120
25127
25129
25136
25138
25141
25147
25149
25154
25158
25160
25164
25167
25168
25171
25172
25174
25182
25183
25188
25207
25218
25219
25221
25232
25243
25264
25272
25280
25284
25287
25292
25306
25316
25325
25326
25341
25343
25344
25351
25357
25371
25375
25376
25387
25391
25404
25407
25414
25415
25416
25420
25421
25424
25426
25428
25432
25441
25450
25452
25457
25468
25469
25473
25487
25506
25510
25540
25543
25544
25547
25555
25562
25567
25569
25571
25572
25576
25582
25587
25596
25599
25603
25611
25618
25622
25634
25635
25636
25652
25654
25655
25656
25662
25663
25666
25672
25674
25677
25690
25691
25706
25707
25710
25712
25716
25724
25725
25727
25732
25746
25758
25763
25764
25765
25767
25773
25778
25792
25803
25804
25820
25837
25862
25865
25874
25886
25891
25903
25907
25909
25911
25920
25922
25929
25940
25946
25951
25957
25962
25963
25981
25986
25992
25993
25994
25995
26011
26012
26025
26039
26041
26043
26045
26047
26051
26065
26079
26083
26088
26089
26093
26095
26097
26109
26111
26120
26127
26137
26138
26151
26154
26155
26157
26161
26167
26170
26171
26179
26181
26190
26196
26197
26199
26202
26207
26208
26215
26236
26242
26257
26259
26291
26301
26303
26315
26318
26327
26329
26335
26341
26359
26362
26375
26378
26380
26384
26385
26386
26392
26399
26411
26414
26423
26430
26432
26436
26440
26446
26452
26453
26459
26463
26468
26469
26471
26474
26481
26492
26508
26510
26514
26515
26516
26518
26523
26524
26533
26541
26552
26557
26560
26569
26570
26573
26576
26578
26585
26593
26594
26602
26609
26612
26628
26631
26634
26635
26645
26654
26656
26658
26662
26666
26676
26677
26682
26684
26685
26687
26689
26693
26701
26720
26722
26730
26731
26735
26738
26743
26754
26755
26759
26760
26765
26773
26780
26785
26790
26800
26806
26809
26821
26827
26829
26834
26836
26844
26847
26861
26890
26905
26908
26922
26927
26935
26937
26938
26950
26953
26957
26959
26963
26970
26973
26975
26977
26978
26981
26985
26987
26988
26996
27007
27018
27023
27031
27042
27045
27055
27062
27064
27082
27098
27112
27113
27116
27117
27128
27136
27140
27141
27144
27145
27158
27159
27162
27164
27173
27174
27176
27177
27178
27184
27187
27189
27192
27195
27196
27197
27201
27207
27214
27216
27217
27226
27229
27230
27239
27251
27254
27271
27280
27288
27290
27299
27313
27334
27353
27356
27363
27365
27394
27399
27402
27419
27420
27434
27444
27453
27465
27472
27482
27488
27496
27511
27512
27516
27525
27526
27531
27534
27541
27543
27553
27557
27576
27578
27580
27581
27596
27598
27611
27619
27621
27623
27624
27625
27629
27638
27648
27650
27652
27667
27674
27684
27686
27699
27704
27713
27725
27727
27738
27739
27750
27753
27758
27765
27771
27777
27783
27790
27812
27821
27823
27824
27830
27834
27843
27853
27875
27878
27888
27890
27902
27909
27917
27920
27926
27930
27933
27945
27954
27961
27962
27967
27976
27982
27986
27996
28005
28007
28016
28029
28030
28031
28048
28056
28058
28066
28070
28083
28090
28097
28103
28119
28122
28133
28134
28138
28143
28146
28154
28161
28166
28167
28175
28188
28190
28191
28197
28199
28204
28207
28220
28225
28227
28229
28237
28243
28245
28261
28270
28298
28303
28320
28321
28339
28348
28349
28357
28363
28380
28398
28399
28402
28404
28407
28417
28440
28441
28451
28456
28464
28467
28472
28482
28503
28520
28522
28541
28551
28555
28557
28573
28575
28577
28581
28586
28587
28598
28604
28605
28613
28618
28620
28623
28628
28629
28636
28637
28657
28659
28665
28668
28688
28695
28697
28698
28707
28719
28721
28724
28727
28730
28741
28743
28746
28751
28752
28763
28771
28776
28778
28785
28787
28790
28791
28816
28820
28831
28835
28843
28848
28850
28852
28879
28880
28886
28888
28906
28913
28919
28924
28930
28931
28934
28939
28940
28948
28950
28951
28959
28964
28968
28973
28974
28980
28982
28983
28992
29003
29005
29006
29009
29014
29035
29053
29076
29077
29080
29084
29087
29095
29102
29105
29107
29109
29112
29119
29127
29131
29159
29162
29176
29178
29194
29195
29204
29211
29212
29218
29226
29229
29230
29270
29271
29278
29290
29295
29296
29301
29306
29309
29310
29311
29314
29316
29329
29330
29333
29340
29348
29349
29352
29359
29368
29372
29379
29380
29382
29388
29391
29392
29393
29394
29396
29403
29411
29412
29413
29414
29418
29424
29435
29447
29452
29458
29459
29464
29467
29475
29484
29485
29489
29494
29501
29506
29507
29515
29524
29531
29533
29535
29538
29547
29551
29555
29569
29578
29580
29581
29594
29613
29621
29622
29626
29629
29633
29643
29647
29648
29654
29685
29687
29691
29695
29704
29723
29724
29727
29731
29735
29736
29740
29746
29748
29749
29756
29765
29767
29773
29775
29776
29780
29791
29796
29797
29800
29814
29826
29829
29835
29837
29845
29855
29859
29861
29870
29879
29884
29890
29896
29901
29903
29907
29910
29912
29914
29919
29923
29929
29940
29945
29947
29949
29951
29958
29961
29962
29965
29977
29981
29988
30007
30011
30027
30028
30030
30031
30033
30040
30042
30055
30057
30060
30062
30082
30085
30087
30092
30098
30100
30101
30115
30116
30118
30123
30133
30147
30149
30159
30161
30171
30173
30174
30180
30182
30188
30196
30200
30201
30202
30204
30205
30208
30233
30251
30261
30265
30266
30270
30282
30287
30289
30291
30292
30302
30305
30306
30308
30309
30321
30325
30330
30338
30354
30360
30361
30366
30377
30397
30399
30407
30408
30419
30424
30425
30427
30428
30441
30445
30450
30452
30454
30459
30461
30473
30477
30484
30493
30502
30508
30512
30524
30525
30530
30532
30541
30550
30564
30567
30569
30575
30578
30579
30581
30586
30592
30595
30597
30601
30603
30605
30606
30614
30620
30628
30631
30634
30635
30638
30651
30652
30653
30660
30663
30679
30682
30685
30697
30699
30708
30711
30717
30728
30732
30740
30743
30746
30752
30758
30763
30764
30765
30769
30770
30775
30783
30784
30786
30802
30806
30809
30816
30817
30821
30822
30823
30831
30847
30865
30871
30876
30879
30881
30882
30887
30894
30896
30899
30902
30905
30915
30920
30939
30942
30954
30980
30981
30986
30992
30995
30999
31002
31012
31013
31014
31016
31017
31020
31022
31025
31028
31032
31034
31040
31056
31066
31079
31084
31092
31094
31101
31103
31107
31109
31110
31121
31139
31144
31146
31147
31159
31161
31162
31166
31174
31177
31178
31180
31181
31186
31196
31205
31206
31220
31221
31222
31225
31230
31235
31237
31240
31242
31243
31246
31255
31258
31265
31267
31275
31285
31326
31337
31343
31354
31367
31375
31380
31386
31398
31400
31407
31410
31416
31417
31419
31423
31457
31458
31464
31471
31480
31484
31496
31511
31517
31522
31535
31541
31551
31553
31556
31557
31558
31559
31568
31570
31585
31588
31591
31596
31602
31604
31606
31607
31612
31616
31621
31636
31647
31650
31651
31654
31655
31656
31658
31662
31666
31668
31673
31675
31677
31681
31698
31703
31704
31728
31753
31762
31765
31770
31777
31786
31789
31796
31804
31812
31829
31833
31843
31849
31854
31857
31858
31875
31876
31901
31908
31910
31916
31924
31925
31926
31931
31941
31953
31958
31966
31991
31993
32007
32012
32021
32026
32032
32033
32044
32045
32048
32051
32057
32062
32068
32070
32071
32074
32080
32084
32091
32094
32096
32098
32104
32108
32109
32111
32115
32119
32120
32126
32129
32136
32137
32138
32145
32148
32154
32161
32164
32166
32168
32170
32171
32175
32192
32195
32198
32201
32208
32209
32211
32216
32223
32227
32243
32249
32267
32269
32276
32278
32279
32281
32289
32295
32312
32327
32328
32338
32340
32343
32365
32367
32370
32390
32392
32395
32401
32403
32406
32408
32410
32415
32420
32424
32425
32430
32438
32442
32444
32453
32460
32462
32463
32486
32494
32517
32518
32520
32521
32524
32528
32535
32563
32577
32581
32584
32585
32594
32604
32609
32617
32618
32637
32642
32648
32650
32661
32665
32670
32673
32674
32705
32707
32710
32737
32753
32756
32767
32770
32775
32789
32805
32840
32841
32842
32844
32857
32863
32864
32866
32874
32882
32883
32895
32905
32907
32911
32916
32918
32925
32928
32929
32932
32941
32949
32953
32961
32965
32968
32970
32971
32974
32975
32977
32982
32995
32998
33005
33010
33033
33039
33040
33041
33048
33053
33062
33070
33078
33080
33083
33086
33088
33099
33102
33112
33117
33119
33122
33125
33128
33133
33137
33139
33142
33146
33151
33153
33157
33158
33163
33164
33168
33169
33178
33183
33194
33200
33201
33205
33206
33208
33214
33221
33234
33237
33240
33242
33262
33264
33265
33267
33278
33284
33285
33293
33305
33310
33313
33318
33323
33324
33328
33332
33341
33342
33345
33346
33347
33348
33352
33366
33368
33382
33389
33390
33393
33401
33409
33416
33418
33430
33431
33435
33436
33443
33444
33449
33461
33462
33478
33482
33484
33488
33492
33498
33499
33509
33510
33511
33514
33515
33517
33534
33540
33543
33545
33547
33548
33568
33582
33584
33586
33589
33593
33595
33596
33600
33605
33612
33615
33616
33628
33648
33649
33651
33658
33670
33671
33673
33689
33706
33727
33729
33731
33734
33738
33741
33762
33766
33768
33773
33784
33797
33805
33806
33810
33822
33830
33835
33836
33839
33845
33859
33878
33888
33890
33900
33901
33906
33913
33919
33925
33926
33929
33939
33957
33960
33961
33970
33976
33990
34008
34010
34016
34027
34031
34033
34044
34050
34054
34064
34070
34085
34087
34088
34095
34106
34111
34123
34124
34125
34126
34135
34142
34144
34150
34153
34157
34159
34170
34174
34186
34191
34198
34203
34207
34208
34212
34214
34237
34242
34253
34256
34264
34265
34275
34280
34291
34293
34301
34310
34324
34353
34358
34372
34382
34388
34390
34394
34396
34397
34398
34399
34401
34418
34426
34430
34432
34437
34438
34446
34459
34463
34466
34467
34469
34471
34477
34478
34493
34494
34503
34504
34511
34527
34530
34548
34549
34558
34559
34563
34564
34565
34580
34588
34606
34622
34634
34641
34645
34647
34648
34660
34674
34681
34697
34701
34717
34719
34720
34722
34742
34747
34754
34765
34769
34771
34774
34775
34781
34786
34787
34792
34796
34804
34816
34819
34821
34823
34832
34835
34840
34845
34852
34858
34860
34864
34876
34897
34899
34901
34906
34910
34918
34922
34927
34932
34937
34938
34941
34949
34964
34967
34976
34979
34996
35002
35012
35016
35020
35029
35034
35035
35038
35044
35048
35056
35059
35065
35079
35084
35089
35097
35113
35122
35127
35129
35130
35141
35145
35148
35152
35156
35160
35166
35167
35177
35179
35197
35199
35205
35206
35215
35222
35225
35229
35243
35248
35253
35259
35294
35298
35306
35315
35319
35327
35331
35336
35340
35342
35347
35352
35357
35361
35365
35368
35374
35384
35391
35400
35401
35408
35409
35412
35416
35423
35425
35427
35445
35446
35453
35461
35464
35480
35483
35488
35492
35494
35496
35505
35514
35517
35522
35524
35534
35540
35550
35566
35568
35569
35575
35576
35583
35598
35608
35622
35624
35632
35636
35642
35643
35645
35651
35654
35658
35670
35673
35674
35676
35685
35692
35694
35701
35707
35721
35730
35734
35742
35747
35758
35763
35767
35773
35777
35783
35787
35789
35790
35792
35795
35801
35804
35806
35809
35811
35815
35819
35832
35835
35837
35838
35841
35842
35857
35862
35865
35871
35878
35889
35901
35908
35911
35918
35921
35926
35927
35928
35934
35943
35946
35949
35950
35955
35960
35962
35969
35970
35971
35972
35981
35983
35990
36014
36016
36018
36019
36042
36061
36063
36064
36069
36070
36083
36092
36103
36108
36115
36125
36127
36129
36133
36139
36140
36143
36144
36148
36153
36158
36167
36176
36181
36214
36224
36229
36234
36243
36244
36255
36260
36265
36268
36271
36274
36279
36280
36306
36312
36317
36322
36324
36327
36328
36337
36350
36358
36359
36368
36375
36377
36390
36393
36396
36399
36401
36404
36412
36424
36426
36427
36428
36429
36430
36434
36436
36441
36446
36457
36459
36462
36469
36475
36480
36481
36482
36494
36497
36508
36522
36525
36527
36533
36537
36544
36553
36555
36557
36565
36567
36585
36589
36598
36601
36602
36610
36618
36619
36633
36635
36637
36650
36659
36665
36667
36675
36676
36678
36683
36687
36688
36693
36697
36699
36703
36705
36717
36725
36735
36738
36748
36762
36771
36778
36780
36785
36813
36826
36831
36838
36839
36840
36845
36850
36856
36865
36874
36895
36902
36913
36914
36915
36919
36929
36937
36950
36958
36964
36965
36966
36973
36975
36976
36979
36984
36987
36991
36992
36993
36995
37006
37013
37014
37015
37021
37027
37031
37034
37035
37037
37051
37067
37068
37071
37077
37082
37087
37098
37100
37103
37107
37109
37110
37115
37119
37126
37127
37129
37131
37148
37149
37154
37156
37164
37178
37180
37194
37195
37201
37206
37222
37229
37230
37238
37250
37252
37259
37266
37268
37273
37276
37278
37280
37281
37287
37291
37294
37298
37301
37307
37317
37323
37332
37338
37353
37362
37367
37368
37402
37414
37418
37423
37428
37438
37452
37470
37472
37473
37495
37497
37502
37507
37533
37545
37558
37562
37564
37576
37577
37590
37596
37607
37608
37612
37615
37631
37637
37646
37647
37648
37650
37651
37652
37654
37657
37669
37673
37687
37706
37714
37716
37725
37733
37757
37762
37771
37778
37781
37787
37791
37794
37810
37814
37818
37825
37826
37833
37843
37845
37858
37864
37874
37876
37886
37889
37892
37896
37910
37912
37913
37927
37929
37930
37937
37950
37956
37965
37969
37982
37989
37996
37997
37998
38008
38016
38032
38036
38044
38046
38062
38065
38069
38071
38085
38088
38089
38091
38092
38099
38102
38103
38106
38112
38119
38121
38124
38128
38130
38137
38143
38153
38157
38163
38168
38175
38184
38187
38194
38196
38202
38205
38209
38215
38217
38220
38227
38237
38238
38241
38260
38267
38279
38287
38293
38295
38298
38299
38301
38302
38304
38306
38315
38324
38325
38327
38337
38346
38347
38360
38365
38371
38388
38399
38400
38424
38426
38437
38438
38451
38458
38465
38467
38469
38470
38479
38483
38484
38491
38492
38502
38503
38508
38517
38521
38525
38527
38529
38533
38550
38552
38573
38580
38593
38604
38605
38614
38622
38625
38629
38631
38635
38641
38642
38643
38647
38655
38658
38665
38671
38672
38674
38679
38682
38689
38690
38694
38705
38721
38728
38738
38741
38744
38752
38753
38768
38771
38777
38779
38793
38800
38804
38812
38813
38815
38825
38830
38837
38838
38857
38866
38874
38880
38893
38895
38902
38903
38915
38919
38921
38934
38951
38953
38971
38978
38983
38988
38991
38992
39001
39011
39012
39015
39023
39032
39039
39052
39057
39061
39078
39089
39095
39096
39097
39109
39110
39111
39120
39139
39142
39155
39161
39173
39180
39182
39186
39189
39191
39207
39208
39223
39230
39234
39240
39242
39252
39255
39257
39260
39261
39268
39280
39283
39287
39295
39303
39309
39319
39325
39349
39353
39364
39366
39369
39387
39388
39395
39401
39402
39404
39407
39422
39429
39433
39434
39445
39449
39459
39465
39466
39470
39471
39472
39473
39474
39484
39495
39514
39515
39516
39517
39523
39526
39534
39553
39557
39558
39559
39560
39569
39574
39586
39603
39619
39622
39628
39629
39632
39634
39638
39640
39643
39653
39655
39656
39658
39662
39666
39673
39675
39689
39695
39696
39700
39705
39710
39713
39714
39737
39739
39759
39762
39764
39772
39775
39781
39783
39786
39790
39799
39802
39811
39831
39843
39862
39865
39872
39877
39889
39915
39920
39924
39927
39931
39963
39976
39980
39983
39989
40015
40016
40020
40023
40024
40034
40042
40050
40051
40053
40055
40057
40068
40076
40087
40097
40098
40106
40120
40123
40128
40140
40141
40142
40148
40151
40153
40156
40157
40160
40162
40167
40168
40180
40186
40189
40191
40196
40212
40219
40232
40236
40238
40249
40254
40258
40266
40273
40276
40278
40284
40287
40290
40294
40295
40296
40306
40314
40317
40319
40332
40335
40349
40356
40370
40373
40386
40393
40400
40401
40402
40403
40406
40411
40418
40424
40432
40446
40462
40465
40475
40481
40483
40490
40498
40500
40503
40510
40511
40512
40532
40534
40537
40546
40554
40568
40570
40581
40586
40594
40610
40622
40634
40635
40639
40641
40643
40644
40645
40652
40658
40659
40676
40677
40678
40685
40702
40715
40721
40723
40724
40726
40729
40732
40741
40749
40753
40762
40763
40773
40775
40778
40779
40787
40802
40813
40826
40842
40850
40851
40852
40858
40862
40863
40877
40879
40887
40902
40918
40932
40933
40941
40942
40945
40946
40948
40950
40962
40978
40982
40983
40991
41001
41008
41018
41019
41020
41022
41025
41028
41039
41045
41059
41061
41064
41075
41085
41089
41110
41116
41125
41139
41143
41147
41152
41153
41156
41158
41162
41166
41167
41173
41174
41183
41184
41195
41198
41203
41204
41210
41226
41227
41230
41233
41241
41242
41243
41259
41282
41291
41298
41303
41317
41319
41324
41329
41331
41343
41347
41349
41359
41372
41375
41376
41378
41387
41388
41391
41395
41396
41397
41405
41408
41409
41413
41415
41416
41434
41437
41438
41442
41444
41466
41467
41469
41476
41487
41488
41494
41502
41504
41509
41511
41517
41521
41540
41542
41543
41547
41575
41578
41580
41593
41621
41630
41634
41647
41662
41674
41676
41680
41703
41715
41720
41723
41731
41732
41735
41737
41741
41744
41747
41763
41785
41797
41816
41832
41833
41835
41841
41846
41848
41853
41855
41865
41885
41888
41890
41893
41896
41902
41922
41928
41930
41933
41934
41941
41945
41946
41949
41956
41960
41965
41970
41974
41980
41986
41993
42008
42012
42019
42023
42024
42026
42030
42039
42047
42056
42058
42062
42064
42066
42069
42075
42080
42098
42104
42108
42109
42112
42114
42138
42139
42144
42161
42164
42166
42185
42207
42213
42230
42236
42254
42255
42257
42264
42269
42273
42278
42280
42299
42303
42320
42323
42328
42334
42341
42344
42345
42348
42351
42353
42356
42366
42369
42374
42375
42382
42384
42388
42394
42396
42397
42399
42405
42410
42421
42431
42433
42436
42471
42476
42477
42479
42487
42493
42494
42498
42500
42507
42513
42515
42518
42524
42538
42540
42541
42544
42545
42562
42568
42571
42578
42579
42591
42597
42617
42650
42662
42663
42665
42671
42675
42677
42690
42691
42695
42698
42727
42744
42745
42748
42755
42756
42757
42758
42762
42767
42769
42773
42774
42775
42783
42785
42786
42799
42808
42819
42825
42831
42835
42841
42855
42858
42861
42862
42863
42865
42884
42903
42908
42911
42912
42913
42921
42926
42937
42942
42954
42955
42967
42970
42971
42977
42979
42982
42985
43001
43006
43009
43026
43028
43030
43056
43057
43070
43074
43077
43092
43100
43103
43105
43107
43115
43117
43122
43123
43130
43137
43139
43154
43163
43166
43177
43178
43184
43186
43191
43208
43216
43222
43223
43232
43233
43236
43238
43240
43244
43258
43263
43272
43278
43282
43283
43297
43299
43306
43326
43332
43339
43340
43341
43346
43356
43357
43358
43362
43368
43374
43376
43380
43381
43387
43390
43399
43413
43415
43418
43430
43433
43439
43440
43443
43455
43456
43465
43473
43476
43477
43481
43488
43494
43495
43496
43498
43499
43516
43528
43529
43531
43549
43552
43554
43564
43572
43573
43574
43582
43587
43590
43600
43611
43618
43619
43620
43627
43630
43632
43636
43648
43649
43655
43657
43662
43665
43667
43680
43683
43692
43694
43697
43703
43712
43718
43719
43721
43723
43728
43733
43734
43736
43740
43742
43755
43764
43767
43772
43780
43785
43789
43791
43793
43794
43796
43806
43807
43810
43815
43820
43826
43827
43829
43834
43849
43861
43870
43878
43886
43889
43895
43897
43906
43907
43911
43915
43927
43943
43945
43947
43949
43962
43971
43973
43975
43979
43983
43985
43990
44003
44004
44009
44014
44022
44026
44030
44031
44039
44049
44051
44070
44088
44099
44102
44107
44109
44117
44121
44122
44127
44129
44137
44145
44149
44152
44184
44190
44198
44199
44203
44208
44212
44214
44221
44234
44247
44250
44257
44266
44268
44277
44288
44289
44292
44294
44300
44304
44307
44312
44321
44323
44346
44353
44360
44363
44365
44382
44387
44391
44392
44400
44411
44413
44421
44431
44448
44451
44458
44462
44469
44470
44477
44478
44480
44481
44494
44495
44505
44510
44519
44524
44527
44538
44539
44540
44543
44544
44546
44556
44562
44566
44572
44573
44578
44581
44585
44589
44593
44594
44595
44599
44607
44608
44614
44617
44622
44625
44627
44628
44630
44642
44645
44646
44649
44663
44664
44692
44696
44730
44734
44739
44752
44756
44760
44764
44767
44774
44775
44776
44778
44779
44780
44781
44785
44789
44791
44797
44800
44803
44808
44809
44813
44817
44823
44835
44836
44841
44881
44883
44893
44911
44922
44930
44932
44934
44936
44938
44939
44941
44947
44952
44955
44958
44963
44969
44984
44990
44995
44996
45004
45015
45016
45017
45021
45035
45053
45066
45067
45070
45071
45076
45080
45085
45088
45091
45097
45115
45116
45125
45127
45131
45138
45139
45150
45155
45159
45175
45176
45179
45193
45194
45198
45202
45209
45219
45224
45229
45240
45242
45257
45258
45264
45276
45277
45279
45284
45291
45298
45304
45309
45319
45324
45331
45340
45348
45358
45364
45369
45382
45391
45395
45403
45410
45417
45424
45425
45428
45440
45466
45473
45475
45487
45488
45493
45496
45508
45510
45520
45521
45526
45531
45534
45547
45557
45563
45565
45569
45572
45575
45586
45589
45596
45601
45602
45616
45627
45629
45634
45653
45655
45660
45663
45677
45681
45683
45686
45700
45705
45713
45715
45720
45724
45727
45746
45750
45759
45760
45762
45763
45764
45767
45776
45787
45800
45814
45819
45823
45828
45836
45845
45856
45857
45865
45869
45879
45896
45897
45898
45908
45916
45918
45925
45929
45932
45935
45941
45950
45957
45963
45976
45977
45988
45994
45996
45998
45999
46001
46004
46010
46013
46026
46034
46046
46049
46053
46056
46060
46063
46070
46074
46076
46078
46082
46090
46098
46108
46113
46120
46123
46124
46126
46132
46135
46136
46139
46141
46148
46152
46155
46166
46172
46180
46189
46194
46198
46217
46218
46234
46236
46238
46244
46251
46263
46264
46268
46284
46285
46287
46291
46298
46300
46308
46324
46330
46331
46345
46346
46348
46360
46363
46366
46368
46374
46376
46377
46380
46384
46394
46403
46413
46420
46422
46424
46427
46443
46445
46450
46453
46454
46457
46458
46466
46467
46468
46471
46472
46475
46481
46487
46489
46491
46504
46508
46516
46518
46521
46525
46528
46546
46555
46559
46564
46580
46588
46589
46591
46610
46611
46614
46618
46654
46660
46669
46674
46681
46683
46692
46694
46696
46707
46716
46725
46733
46739
46740
46743
46758
46765
46767
46772
46773
46776
46777
46779
46787
46790
46791
46797
46798
46801
46802
46804
46835
46836
46838
46845
46855
46867
46869
46873
46880
46881
46888
46891
46893
46894
46913
46916
46920
46923
46928
46933
46937
46958
46960
46964
46981
46996
47007
47017
47019
47022
47025
47031
47041
47043
47045
47052
47053
47054
47055
47058
47067
47069
47073
47089
47090
47094
47108
47116
47117
47118
47126
47131
47140
47141
47154
47155
47161
47169
47173
47174
47175
47177
47186
47189
47193
47197
47203
47206
47207
47211
47213
47217
47224
47227
47228
47230
47239
47244
47257
47265
47279
47290
47303
47306
47307
47309
47323
47329
47330
47333
47335
47338
47343
47361
47373
47383
47401
47405
47409
47410
47412
47425
47428
47436
47438
47447
47455
47459
47467
47489
47498
47499
47500
47503
47504
47507
47510
47514
47519
47521
47523
47532
47546
47550
47551
47555
47556
47557
47558
47561
47567
47579
47587
47595
47600
47612
47622
47626
47628
47635
47652
47653
47654
47665
47699
47705
47715
47725
47752
47767
47773
47786
47794
47795
47798
47800
47803
47804
47807
47815
47823
47824
47830
47831
47835
47842
47849
47854
47860
47861
47863
47867
47870
47884
47887
47898
47901
47903
47907
47909
47910
47917
47924
47925
47927
47928
47929
47947
47948
47949
47954
47961
47988
47996
48008
48014
48016
48024
48025
48029
48033
48035
48042
48048
48063
48083
48085
48086
48091
48093
48095
48099
48112
48116
48130
48137
48138
48143
48144
48147
48149
48160
48165
48171
48173
48178
48182
48187
48196
48199
48202
48204
48212
48227
48241
48248
48257
48269
48281
48291
48293
48295
48296
48300
48303
48305
48310
48312
48314
48328
48333
48338
48340
48343
48366
48371
48372
48383
48386
48388
48406
48408
48411
48413
48415
48416
48418
48423
48427
48441
48446
48449
48451
48471
48492
48493
48497
48499
48500
48530
48533
48534
48541
48548
48550
48564
48565
48577
48602
48610
48612
48617
48620
48621
48622
48630
48633
48641
48647
48650
48652
48662
48673
48675
48676
48677
48683
48687
48707
48708
48715
48721
48734
48742
48743
48747
48748
48758
48762
48765
48772
48775
48784
48786
48799
48805
48814
48819
48827
48845
48852
48854
48856
48857
48861
48870
48871
48878
48885
48891
48892
48914
48917
48920
48932
48935
48937
48941
48947
48948
48952
48966
48975
48976
48989
49000
49005
49006
49008
49010
49011
49019
49029
49039
49042
49044
49050
49055
49077
49079
49084
49089
49104
49121
49124
49127
49129
49135
49139
49143
49153
49156
49159
49171
49174
49191
49192
49200
49203
49213
49219
49220
49230
49233
49240
49241
49244
49258
49260
49265
49274
49279
49281
49292
49295
49301
49302
49304
49308
49323
49334
49345
49348
49356
49357
49363
49366
49372
49373
49374
49376
49378
49380
49389
49392
49396
49401
49402
49414
49415
49422
49430
49432
49451
49453
49458
49463
49465
49470
49477
49479
49486
49490
49497
49499
49502
49503
49516
49517
49539
49542
49543
49558
49560
49562
49566
49575
49579
49583
49587
49589
49596
49597
49599
49609
49611
49614
49616
49618
49626
49628
49634
49639
49641
49642
49649
49650
49654
49681
49689
49690
49692
49696
49702
49705
49710
49714
49722
49723
49726
49738
49741
49743
49747
49751
49754
49768
49769
49794
49801
49809
49821
49829
49830
49833
49836
49838
49840
49857
49865
49869
49872
49885
49892
49896
49904
49906
49907
49909
49911
49913
49925
49953
49956
49958
49969
49972
49974
49985
49989
49990
49993
49995
49999
50001
50005
50008
50011
50012
50016
50017
50020
50032
50038
50039
50047
50055
50059
50061
50065
50066
50070
50084
50088
50091
50096
50102
50108
50109
50110
50120
50122
50129
50132
50149
50163
50171
50175
50180
50181
50197
50211
50214
50222
50224
50228
50235
50237
50238
50244
50246
50252
50254
50256
50258
50260
50261
50263
50271
50277
50281
50282
50283
50284
50295
50304
50307
50314
50319
50322
50323
50355
50360
50368
50378
50387
50394
50400
50410
50411
50422
50428
50429
50437
50453
50454
50461
50464
50469
50476
50477
50486
50500
50502
50507
50508
50509
50523
50529
50548
50560
50580
50581
50583
50586
50595
50597
50605
50607
50620
50621
50626
50627
50630
50631
50633
50638
50641
50643
50648
50657
50659
50661
50665
50669
50671
50683
50685
50690
50691
50695
50703
50708
50719
50729
50747
50749
50752
50760
50761
50766
50767
50771
50774
50776
50779
50782
50786
50791
50794
50798
50803
50812
50814
50816
50817
50818
50819
50820
50821
50825
50829
50844
50845
50852
50863
50875
50884
50886
50888
50890
50896
50898
50904
50912
50920
50923
50929
50939
50944
50954
50963
50972
50985
50986
50992
50996
51006
51014
51029
51042
51050
51051
51060
51061
51064
51065
51066
51067
51069
51080
51083
51091
51101
51109
51111
51118
51122
51130
51133
51138
51140
51158
51163
51165
51168
51171
51179
51180
51182
51186
51198
51200
51213
51214
51218
51223
51229
51252
51268
51271
51283
51284
51290
51291
51296
51298
51308
51312
51321
51324
51339
51344
51346
51349
51353
51355
51358
51362
51374
51375
51384
51388
51394
51406
51408
51409
51416
51419
51422
51426
51435
51437
51438
51439
51445
51447
51453
51466
51503
51506
51511
51512
51514
51515
51519
51524
51535
51536
51540
51542
51562
51568
51571
51576
51582
51586
51593
51598
51603
51606
51609
51615
51619
51628
51633
51637
51642
51650
51653
51657
51666
51669
51671
51682
51688
51691
51696
51702
51707
51710
51714
51723
51737
51744
51748
51749
51755
51759
51762
51769
51776
51780
51784
51787
51791
51792
51797
51798
51800
51810
51811
51814
51819
51832
51839
51848
51865
51867
51873
51874
51881
51883
51890
51894
51902
51906
51913
51924
51948
51950
51953
51958
51963
51979
51991
52039
52061
52066
52067
52068
52072
52086
52087
52096
52100
52102
52109
52115
52117
52127
52130
52132
52134
52144
52146
52159
52163
52164
52178
52180
52181
52190
52202
52208
52210
52219
52221
52229
52254
52259
52264
52269
52272
52279
52289
52292
52300
52303
52318
52323
52324
52330
52334
52338
52347
52352
52356
52363
52367
52372
52376
52383
52385
52386
52390
52397
52400
52403
52407
52414
52418
52430
52432
52435
52438
52439
52441
52446
52454
52458
52459
52467
52469
52470
52474
52475
52477
52481
52487
52489
52497
52498
52501
52511
52515
52534
52536
52537
52544
52549
52551
52553
52561
52567
52586
52595
52615
52620
52621
52622
52651
52656
52657
52661
52664
52669
52688
52704
52706
52724
52737
52739
52741
52743
52745
52746
52755
52762
52773
52778
52789
52800
52802
52811
52815
52816
52833
52835
52836
52856
52863
52881
52888
52889
52898
52905
52907
52915
52916
52924
52925
52937
52947
52949
52962
52965
52969
52975
52978
52994
53003
53005
53007
53016
53023
53025
53034
53044
53049
53064
53069
53077
53083
53088
53100
53101
53110
53113
53118
53133
53136
53141
53147
53148
53149
53155
53161
53162
53163
53166
53170
53205
53219
53223
53229
53233
53235
53244
53250
53257
53264
53279
53286
53288
53296
53311
53312
53317
53322
53323
53325
53336
53337
53349
53353
53358
53360
53362
53366
53369
53371
53375
53379
53380
53395
53396
53407
53412
53415
53421
53429
53430
53433
53434
53441
53442
53444
53446
53456
53466
53473
53476
53479
53483
53501
53506
53511
53516
53522
53540
53547
53552
53566
53569
53576
53588
53589
53591
53599
53619
53620
53631
53642
53647
53648
53655
53663
53664
53679
53686
53687
53688
53707
53717
53723
53729
53738
53748
53749
53750
53754
53763
53766
53784
53795
53805
53816
53829
53831
53833
53835
53836
53839
53843
53848
53854
53855
53857
53888
53889
53896
53920
53926
53937
53942
53945
53946
53950
53957
53962
53963
53968
53974
53978
53981
53984
53997
54000
54015
54016
54020
54021
54030
54040
54068
54076
54078
54082
54085
54096
54103
54106
54111
54112
54113
54125
54137
54138
54142
54144
54145
54146
54148
54153
54164
54165
54169
54171
54172
54186
54188
54200
54203
54206
54213
54216
54218
54220
54222
54224
54235
54245
54250
54252
54267
54275
54280
54287
54298
54299
54304
54305
54306
54314
54316
54330
54335
54338
54340
54341
54357
54359
54362
54367
54371
54381
54383
54390
54395
54404
54413
54415
54421
54427
54435
54440
54442
54448
54461
54462
54464
54472
54475
54478
54485
54488
54491
54496
54497
54536
54539
54541
54550
54559
54560
54566
54610
54621
54622
54626
54639
54648
54650
54651
54667
54685
54687
54710
54724
54726
54727
54728
54732
54765
54766
54771
54774
54778
54781
54784
54794
54802
54811
54813
54816
54818
54823
54825
54831
54832
54834
54839
54852
54857
54865
54868
54878
54881
54889
54891
54904
54920
54923
54926
54927
54929
54932
54934
54946
54961
54973
54977
54978
54983
54989
54995
55008
55012
55025
55028
55030
55036
55039
55052
55059
55060
55062
55074
55093
55097
55119
55123
55131
55138
55141
55160
55164
55170
55171
55172
55174
55180
55187
55195
55207
55216
55219
55227
55231
55244
55246
55249
55260
55272
55274
55275
55276
55280
55287
55297
55304
55317
55319
55323
55355
55356
55379
55395
55397
55405
55408
55416
55417
55422
55430
55443
55452
55453
55455
55460
55462
55464
55488
55491
55497
55498
55504
55510
55512
55527
55530
55531
55538
55539
55546
55553
55555
55559
55561
55565
55574
55592
55595
55615
55617
55626
55632
55636
55637
55638
55645
55649
55651
55655
55671
55673
55677
55686
55688
55690
55715
55719
55722
55724
55733
55736
55737
55742
55750
55757
55759
55763
55770
55771
55794
55797
55805
55810
55827
55833
55840
55841
55843
55850
55852
55855
55862
55866
55867
55868
55870
55876
55879
55883
55888
55901
55919
55940
55961
55970
55980
55984
56010
56013
56016
56017
56018
56020
56031
56035
56037
56048
56056
56057
56062
56065
56067
56071
56075
56076
56082
56083
56086
56088
56089
56092
56093
56095
56096
56101
56102
56104
56110
56118
56121
56125
56130
56134
56136
56138
56142
56144
56146
56192
56194
56196
56203
56207
56214
56219
56229
56271
56275
56279
56300
56307
56308
56311
56318
56319
56320
56328
56329
56356
56360
56369
56370
56377
56378
56382
56390
56391
56400
56401
56409
56422
56432
56433
56436
56459
56462
56463
56467
56485
56486
56488
56492
56505
56506
56513
56520
56526
56528
56535
56538
56539
56541
56543
56548
56553
56558
56567
56568
56569
56575
56604
56611
56625
56626
56639
56652
56653
56654
56663
56672
56673
56677
56689
56690
56695
56700
56704
56718
56722
56725
56735
56737
56740
56742
56744
56748
56754
56759
56768
56779
56787
56790
56810
56816
56837
56844
56853
56857
56869
56871
56873
56875
56877
56880
56900
56905
56907
56912
56916
56917
56918
56922
56923
56924
56928
56930
56952
56953
56955
56961
56965
56969
56971
56972
56973
56976
56981
56987
57009
57011
57012
57017
57023
57028
57035
57043
57054
57057
57071
57074
57084
57093
57094
57104
57111
57114
57115
57133
57140
57154
57175
57190
57192
57197
57198
57204
57207
57211
57218
57222
57223
57231
57234
57239
57246
57249
57250
57253
57256
57259
57262
57268
57270
57271
57282
57284
57285
57287
57290
57295
57299
57319
57331
57333
57335
57341
57344
57345
57347
57348
57360
57362
57373
57376
57377
57380
57398
57407
57409
57410
57432
57436
57437
57451
57460
57465
57477
57478
57482
57483
57501
57506
57512
57517
57520
57526
57527
57540
57544
57547
57561
57566
57567
57570
57571
57572
57573
57576
57583
57590
57594
57599
57600
57601
57604
57611
57615
57624
57630
57639
57646
57647
57659
57661
57688
57690
57693
57705
57706
57708
57709
57710
57717
57739
57744
57748
57758
57761
57769
57771
57780
57783
57788
57790
57792
57800
57811
57813
57818
57827
57838
57849
57850
57858
57886
57893
57895
57904
57911
57921
57934
57937
57939
57943
57949
57951
57952
57962
57970
57971
57980
57994
57999
58005
58011
58013
58018
58021
58024
58039
58046
58051
58052
58069
58073
58077
58081
58082
58085
58089
58092
58095
58100
58107
58116
58118
58119
58124
58132
58134
58138
58141
58142
58145
58147
58157
58161
58162
58163
58168
58172
58178
58180
58184
58185
58187
58188
58191
58199
58208
58222
58228
58244
58252
58255
58261
58262
58266
58267
58269
58279
58285
58286
58289
58294
58299
58304
58307
58316
58323
58324
58331
58335
58340
58354
58356
58361
58363
58383
58402
58415
58418
58423
58425
58430
58432
58452
58457
58463
58464
58466
58467
58478
58480
58483
58486
58490
58495
58500
58504
58507
58508
58510
58512
58514
58517
58524
58529
58532
58535
58536
58540
58541
58543
58544
58546
58550
58551
58554
58560
58561
58570
58572
58575
58576
58577
58585
58586
58587
58596
58597
58598
58605
58609
58614
58619
58642
58646
58651
58658
58660
58661
58662
58665
58670
58674
58687
58689
58692
58704
58705
58710
58734
58741
58751
58754
58757
58775
58788
58791
58792
58811
58813
58818
58840
58846
58848
58849
58850
58852
58859
58861
58873
58877
58883
58889
58902
58906
58910
58916
58919
58922
58924
58931
58939
58941
58949
58960
58967
58968
58976
58980
58981
58987
58988
58990
58999
59002
59025
59033
59035
59038
59051
59055
59057
59062
59063
59064
59068
59081
59096
59098
59099
59102
59104
59124
59129
59135
59148
59153
59163
59168
59172
59173
59184
59187
59194
59200
59222
59224
59226
59242
59245
59248
59256
59258
59271
59291
59293
59302
59305
59308
59318
59320
59322
59325
59328
59345
59346
59362
59364
59371
59373
59382
59384
59389
59391
59404
59407
59410
59411
59416
59419
59423
59426
59434
59437
59440
59441
59446
59464
59465
59467
59468
59472
59474
59494
59506
59530
59535
59550
59552
59553
59554
59559
59564
59590
59593
59598
59599
59600
59612
59613
59627
59639
59652
59662
59667
59673
59674
59676
59684
59700
59701
59707
59709
59712
59715
59722
59723
59736
59743
59756
59757
59799
59800
59813
59816
59824
59825
59832
59840
59843
59862
59871
59881
59908
59910
59912
59923
59928
59931
59932
59939
59941
59954
59955
59956
59959
59967
59975
59978
59981
59984
59985
59988
59989
59992
59998
60005
60010
60012
60018
60029
60036
60049
60064
60082
60083
60093
60098
60101
60102
60104
60106
60117
60118
60124
60156
60157
60158
60160
60165
60169
60175
60177
60178
60194
60206
60215
60216
60219
60221
60245
60262
60264
60270
60273
60276
60282
60287
60297
60303
60310
60318
60322
60329
60336
60337
60341
60350
60357
60364
60379
60386
60392
60398
60399
60412
60423
60429
60431
60432
60454
60457
60459
60470
60487
60490
60491
60494
60496
60501
60506
60507
60514
60515
60520
60524
60549
60554
60560
60561
60573
60588
60596
60600
60615
60619
60620
60622
60623
60627
60630
60633
60636
60640
60643
60650
60652
60654
60660
60676
60681
60682
60698
60714
60717
60721
60735
60737
60738
60760
60766
60774
60780
60784
60820
60821
60825
60826
60827
60847
60857
60858
60862
60864
60865
60868
60870
60871
60876
60883
60884
60900
60938
60939
60943
60953
60955
60958
60961
60967
60974
60975
60977
60978
60982
60983
60999
61000
61002
61005
61007
61010
61012
61014
61020
61021
61024
61029
61030
61032
61038
61040
61050
61061
61066
61076
61086
61088
61089
61097
61100
61101
61106
61114
61120
61132
61137
61138
61154
61155
61156
61176
61184
61188
61190
61191
61195
61198
61202
61221
61225
61227
61230
61235
61239
61244
61245
61249
61250
61257
61272
61295
61302
61304
61312
61320
61323
61333
61334
61341
61349
61351
61365
61368
61371
61381
61386
61387
61388
61394
61395
61396
61406
61410
61412
61417
61418
61420
61421
61423
61431
61432
61434
61438
61448
61455
61464
61489
61491
61493
61500
61505
61506
61520
61522
61528
61529
61533
61546
61557
61559
61561
61571
61580
61582
61585
61594
61595
61599
61610
61612
61613
61618
61626
61639
61646
61658
61661
61664
61665
61671
61675
61678
61680
61682
61683
61694
61696
61706
61708
61715
61723
61724
61725
61727
61732
61737
61740
61755
61762
61763
61764
61766
61769
61771
61775
61784
61790
61799
61800
61813
61814
61819
61822
61831
61837
61838
61844
61846
61852
61853
61854
61866
61868
61869
61876
61878
61883
61884
61886
61888
61894
61896
61903
61920
61935
61938
61939
61946
61968
61972
61979
62007
62010
62032
62047
62058
62070
62076
62079
62083
62084
62086
62087
62094
62096
62099
62115
62118
62122
62125
62129
62131
62134
62138
62145
62152
62160
62164
62165
62166
62168
62178
62180
62185
62190
62233
62238
62249
62256
62259
62273
62284
62285
62287
62297
62307
62309
62316
62317
62324
62327
62329
62338
62352
62361
62362
62367
62374
62388
62392
62401
62405
62406
62409
62413
62419
62424
62431
62432
62436
62440
62442
62445
62470
62481
62483
62491
62492
62499
62507
62521
62527
62531
62542
62544
62549
62552
62564
62577
62578
62590
62594
62603
62626
62637
62641
62645
62652
62659
62660
62661
62669
62673
62682
62697
62701
62729
62737
62740
62745
62751
62760
62764
62766
62773
62784
62794
62795
62799
62804
62805
62808
62813
62816
62818
62825
62827
62835
62842
62844
62845
62846
62853
62857
62858
62860
62861
62866
62871
62872
62885
62887
62895
62896
62900
62902
62912
62915
62919
62920
62921
62923
62928
62929
62936
62943
62949
62950
62956
62959
62963
62976
62982
62984
62993
62994
63006
63017
63023
63031
63032
63036
63058
63080
63081
63083
63086
63097
63101
63105
63114
63115
63118
63120
63129
63133
63135
63136
63141
63162
63163
63164
63174
63176
63181
63182
63193
63201
63202
63211
63212
63214
63218
63219
63225
63251
63253
63270
63274
63279
63281
63287
63288
63289
63296
63303
63309
63314
63315
63320
63331
63332
63340
63344
63350
63356
63360
63397
63405
63407
63409
63420
63424
63439
63440
63447
63452
63454
63456
63464
63467
63468
63472
63480
63500
63511
63516
63520
63532
63535
63536
63538
63545
63546
63548
63559
63561
63565
63567
63568
63571
63579
63582
63592
63601
63609
63617
63618
63624
63637
63642
63643
63644
63649
63650
63663
63677
63681
63682
63685
63690
63692
63695
63709
63716
63724
63730
63731
63740
63749
63777
63785
63793
63805
63811
63826
63835
63846
63848
63850
63853
63856
63860
63878
63896
63897
63898
63913
63916
63917
63924
63926
63936
63941
63948
63957
63963
63969
63977
63983
63984
63985
63988
64016
64028
64030
64036
64038
64043
64054
64064
64070
64074
64083
64089
64090
64104
64111
64113
64123
64134
64135
64136
64142
64143
64145
64154
64160
64163
64178
64179
64192
64195
64196
64201
64202
64206
64207
64211
64226
64230
64234
64235
64243
64247
64248
64253
64255
64268
64270
64273
64274
64278
64289
64292
64296
64307
64310
64315
64325
64334
64337
64344
64352
64361
64376
64378
64382
64393
64398
64441
64445
64459
64460
64465
64467
64477
64480
64485
64504
64505
64511
64514
64518
64521
64527
64529
64539
64553
64567
64571
64573
64580
64583
64585
64586
64593
64597
64601
64605
64607
64609
64614
64618
64620
64627
64629
64631
64637
64638
64640
64642
64648
64654
64660
64663
64664
64670
64679
64689
64697
64719
64727
64729
64730
64742
64745
64755
64757
64758
64777
64780
64786
64796
64816
64833
64850
64853
64860
64863
64868
64869
64870
64874
64875
64876
64880
64885
64888
64891
64898
64899
64907
64913
64932
64943
64946
64952
64954
64966
64973
64975
64977
64978
64979
64980
64986
64991
65002
65006
65008
65018
65022
65029
65038
65042
65060
65062
65066
65067
65069
65074
65083
65088
65091
65096
65109
65116
65118
65125
65136
65141
65149
65153
65156
65163
65177
65189
65197
65200
65202
65211
65216
65217
65218
65219
65223
65230
65236
65239
65256
65261
65274
65275
65287
65288
65289
65290
65295
65296
65302
65305
65306
65309
65316
65325
65326
65328
65335
65339
65346
65363
65369
65375
65376
65387
65407
65408
65413
65428
65437
65449
65473
65477
65483
65491
65492
65501
65504
65506
65515
65520
65532
65535
65536
65541
65542
65555
65556
65557
65558
65561
65576
65577
65578
65583
65590
65596
65599
65608
65610
65611
65614
65616
65618
65624
65627
65655
65658
65666
65671
65679
65684
65692
65693
65701
65702
65706
65707
65708
65714
65721
65725
65729
65734
65740
65744
65745
65761
65764
65765
65766
65775
65794
65798
65799
65802
65809
65828
65829
65838
65849
65852
65858
65861
65866
65868
65871
65890
65893
65894
65895
65900
65912
65920
65923
65927
65929
65947
65948
65954
65955
65967
65973
65974
65983
65995
65997
65999
66005
66013
66014
66020
66023
66024
66031
66042
66045
66052
66057
66059
66067
66069
66072
66083
66091
66095
66096
66098
66107
66112
66113
66123
66126
66136
66137
66148
66155
66166
66171
66182
66188
66197
66210
66212
66220
66222
66233
66238
66239
66244
66253
66254
66261
66265
66269
66272
66275
66288
66295
66297
66302
66306
66311
66315
66316
66325
66327
66341
66344
66353
66354
66370
66382
66404
66407
66411
66415
66418
66427
66437
66443
66445
66452
66457
66461
66463
66476
66479
66490
66497
66499
66506
66507
66519
66524
66529
66540
66544
66546
66561
66565
66569
66572
66581
66583
66593
66596
66597
66598
66605
66608
66614
66618
66633
66634
66647
66665
66666
66667
66669
66672
66673
66680
66683
66687
66688
66692
66695
66697
66701
66705
66706
66720
66728
66736
66740
66742
66750
66752
66762
66767
66774
66775
66782
66788
66789
66802
66807
66811
66858
66859
66861
66866
66910
66911
66913
66921
66922
66924
66944
66955
66959
66960
66973
66976
66985
66987
66993
67008
67018
67020
67028
67042
67044
67047
67051
67057
67075
67079
67087
67104
67111
67113
67114
67131
67138
67141
67143
67145
67148
67150
67151
67154
67156
67161
67167
67172
67173
67175
67186
67190
67192
67196
67206
67216
67220
67231
67238
67241
67247
67248
67260
67262
67264
67265
67269
67271
67273
67276
67279
67285
67288
67291
67295
67301
67305
67309
67314
67315
67322
67327
67331
67339
67348
67364
67365
67374
67379
67382
67383
67386
67387
67399
67405
67406
67407
67408
67421
67426
67430
67439
67440
67444
67446
67451
67455
67478
67483
67488
67489
67491
67497
67502
67516
67518
67527
67532
67540
67552
67554
67556
67558
67565
67571
67579
67580
67592
67599
67606
67611
67625
67633
67639
67643
67646
67649
67653
67654
67656
67659
67683
67687
67697
67704
67705
67707
67710
67712
67719
67730
67737
67738
67755
67760
67764
67772
67776
67782
67783
67798
67799
67801
67805
67823
67843
67854
67855
67860
67861
67864
67867
67869
67881
67895
67900
67902
67906
67911
67912
67917
67921
67922
67928
67940
67949
67954
67959
67960
67961
67963
67965
67972
67983
67988
67995
68006
68008
68009
68019
68028
68032
68043
68053
68059
68062
68081
68082
68086
68090
68101
68106
68107
68110
68124
68126
68132
68137
68148
68163
68164
68182
68187
68199
68217
68219
68235
68240
68243
68251
68253
68254
68255
68258
68260
68265
68267
68271
68279
68280
68282
68289
68293
68305
68306
68310
68313
68314
68320
68323
68324
68325
68328
68336
68344
68353
68360
68369
68388
68389
68396
68397
68413
68420
68425
68434
68435
68448
68449
68451
68452
68457
68474
68479
68480
68499
68504
68506
68511
68515
68519
68521
68523
68526
68527
68528
68533
68544
68547
68549
68551
68563
68565
68569
68571
68580
68588
68590
68592
68594
68603
68604
68610
68618
68628
68632
68641
68656
68659
68661
68664
68668
68677
68688
68704
68712
68724
68725
68728
68734
68736
68745
68757
68774
68777
68780
68783
68784
68807
68808
68815
68821
68845
68858
68877
68884
68888
68890
68891
68896
68906
68907
68913
68914
68923
68930
68936
68946
68947
68954
68960
68966
68967
68968
68980
68986
68989
68991
69019
69025
69029
69030
69068
69075
69081
69088
69090
69097
69100
69102
69103
69117
69118
69124
69128
69135
69138
69139
69140
69142
69148
69150
69151
69161
69171
69188
69189
69192
69200
69206
69209
69219
69225
69227
69229
69233
69234
69238
69244
69248
69252
69263
69269
69274
69281
69286
69289
69295
69297
69298
69300
69320
69321
69326
69327
69331
69335
69337
69345
69347
69355
69361
69374
69377
69381
69383
69386
69389
69395
69408
69414
69416
69420
69421
69425
69435
69445
69457
69458
69460
69464
69470
69476
69477
69478
69482
69496
69498
69502
69505
69508
69509
69512
69518
69519
69528
69532
69537
69542
69546
69550
69556
69559
69564
69586
69590
69595
69601
69605
69606
69609
69618
69621
69628
69631
69633
69641
69650
69652
69656
69660
69661
69663
69666
69675
69677
69679
69712
69738
69739
69741
69745
69748
69750
69755
69758
69771
69775
69779
69781
69788
69792
69793
69794
69799
69802
69807
69820
69822
69826
69833
69835
69837
69845
69846
69848
69857
69859
69864
69872
69890
69893
69898
69909
69910
69924
69926
69927
69935
69939
69945
69946
69948
69961
69963
69977
69981
69989
69993
70004
70015
70022
70025
70027
70032
70046
70049
70061
70067
70069
70081
70091
70099
70101
70106
70107
70115
70127
70131
70136
70140
70143
70146
70156
70182
70200
70215
70221
70228
70235
70248
70266
70275
70280
70281
70288
70290
70298
70300
70311
70317
70323
70331
70335
70348
70349
70352
70356
70359
70371
70375
70392
70405
70406
70412
70423
70435
70446
70447
70451
70472
70475
70485
70487
70490
70492
70494
70502
70503
70505
70518
70530
70537
70539
70555
70556
70568
70573
70577
70578
70590
70593
70602
70603
70605
70609
70633
70636
70637
70639
70660
70666
70678
70686
70688
70698
70718
70721
70723
70736
70738
70744
70757
70777
70778
70781
70784
70797
70798
70803
70805
70807
70808
70813
70831
70835
70839
70841
70843
70844
70845
70848
70855
70864
70871
70873
70881
70885
70886
70897
70907
70917
70924
70938
70943
70947
70950
70952
70956
70960
70961
70962
70965
70982
70983
70998
71002
71011
71015
71020
71027
71041
71056
71057
71060
71065
71071
71078
71082
71091
71092
71098
71105
71106
71115
71124
71132
71134
71149
71151
71152
71155
71161
71178
71180
71193
71195
71211
71226
71229
71239
71241
71245
71250
71253
71256
71265
71268
71271
71275
71286
71287
71291
71296
71302
71316
71317
71318
71327
71334
71335
71343
71349
71351
71354
71360
71362
71364
71370
71372
71374
71379
71387
71389
71399
71405
71411
71429
71440
71441
71447
71451
71452
71453
71462
71487
71497
71499
71507
71516
71517
71518
71523
71530
71533
71538
71541
71542
71543
71552
71563
71565
71566
71572
71584
71589
71602
71603
71611
71616
71617
71621
71636
71637
71646
71659
71662
71663
71668
71669
71673
71678
71685
71694
71695
71699
71705
71709
71718
71720
71728
71730
71731
71737
71743
71745
71751
71754
71765
71768
71770
71771
71785
71793
71797
71806
71815
71828
71831
71833
71836
71851
71863
71864
71868
71869
71870
71887
71891
71895
71896
71898
71906
71914
71936
71954
71957
71962
71964
71967
71976
71982
72000
72002
72004
72005
72006
72009
72011
72018
72022
72027
72028
72030
72035
72049
72062
72072
72081
72087
72096
72104
72105
72112
72113
72130
72131
72134
72151
72153
72154
72163
72171
72174
72175
72179
72184
72187
72192
72194
72200
72203
72207
72209
72215
72222
72243
72260
72264
72271
72292
72296
72298
72301
72302
72321
72339
72349
72350
72355
72356
72358
72359
72362
72371
72375
72378
72389
72396
72398
72403
72406
72411
72419
72422
72425
72430
72438
72446
72453
72466
72472
72475
72487
72491
72500
72507
72508
72520
72521
72525
72542
72555
72566
72567
72583
72584
72586
72590
72595
72599
72602
72605
72615
72629
72632
72634
72635
72641
72647
72654
72655
72656
72665
72683
72689
72692
72699
72708
72713
72714
72716
72724
72729
72732
72742
72757
72759
72761
72771
72776
72789
72793
72801
72804
72805
72813
72819
72825
72827
72829
72832
72836
72851
72861
72862
72868
72876
72886
72894
72897
72899
72914
72916
72920
72927
72933
72936
72938
72940
72947
72948
72955
72962
72963
72964
72967
72968
72977
72994
73004
73011
73013
73017
73019
73032
73039
73046
73049
73051
73052
73057
73083
73084
73092
73132
73141
73149
73152
73158
73173
73177
73190
73191
73192
73202
73211
73215
73222
73226
73227
73233
73242
73244
73270
73273
73277
73278
73283
73286
73291
73294
73297
73300
73302
73321
73328
73359
73385
73387
73388
73393
73398
73405
73407
73414
73423
73433
73435
73448
73450
73454
73465
73467
73481
73495
73499
73502
73503
73507
73518
73527
73529
73539
73549
73551
73561
73566
73572
73590
73594
73603
73604
73608
73615
73618
73619
73626
73633
73634
73637
73644
73655
73660
73661
73666
73670
73683
73685
73686
73689
73697
73698
73701
73711
73717
73718
73727
73728
73743
73747
73758
73760
73762
73765
73766
73779
73787
73793
73794
73803
73804
73809
73812
73815
73818
73820
73823
73829
73838
73844
73850
73851
73855
73857
73860
73864
73876
73879
73885
73897
73899
73901
73907
73910
73925
73933
73935
73949
73952
73961
73964
73972
73984
73985
73998
74018
74023
74029
74031
74032
74034
74039
74040
74041
74050
74061
74071
74079
74081
74085
74089
74090
74102
74106
74110
74112
74114
74128
74134
74146
74148
74154
74156
74163
74164
74170
74184
74187
74200
74204
74213
74215
74228
74229
74236
74271
74273
74275
74284
74301
74303
74306
74309
74314
74317
74322
74326
74338
74342
74353
74373
74376
74379
74397
74400
74404
74408
74409
74416
74417
74426
74427
74428
74434
74438
74441
74446
74450
74465
74470
74477
74483
74490
74501
74505
74510
74531
74532
74535
74539
74541
74545
74550
74558
74560
74562
74572
74586
74597
74600
74601
74620
74623
74628
74632
74633
74637
74638
74641
74651
74662
74667
74679
74691
74697
74706
74708
74709
74710
74716
74725
74734
74739
74740
74752
74759
74771
74777
74781
74791
74807
74815
74820
74825
74836
74839
74846
74868
74869
74880
74881
74884
74899
74902
74903
74906
74907
74916
74937
74960
74966
74972
74975
74982
74984
74987
74991
74994
75001
75008
75024
75028
75045
75049
75050
75055
75070
75075
75076
75077
75095
75100
75102
75108
75112
75114
75122
75123
75124
75133
75142
75147
75161
75170
75171
75175
75176
75178
75179
75181
75188
75190
75192
75196
75206
75213
75218
75225
75227
75236
75241
75254
75262
75265
75266
75269
75280
75288
75291
75297
75302
75308
75309
75317
75322
75325
75326
75336
75337
75339
75348
75350
75355
75363
75379
75389
75402
75403
75416
75427
75430
75431
75434
75437
75438
75442
75457
75460
75465
75473
75476
75483
75498
75503
75507
75510
75513
75519
75522
75529
75531
75532
75547
75555
75567
75570
75577
75579
75583
75606
75615
75623
75654
75659
75661
75664
75665
75669
75672
75678
75680
75681
75682
75691
75698
75703
75710
75723
75729
75750
75753
75754
75766
75771
75775
75785
75787
75795
75799
75812
75817
75818
75819
75821
75823
75826
75830
75833
75840
75857
75859
75861
75867
75872
75882
75883
75884
75889
75897
75905
75906
75907
75909
75915
75916
75921
75937
75938
75949
75954
75955
75960
75964
75965
75971
75979
75983
75987
75989
75990
75991
75995
76002
76004
76009
76018
76022
76027
76044
76051
76065
76068
76078
76079
76097
76102
76105
76108
76109
76127
76130
76133
76144
76145
76146
76154
76162
76176
76184
76190
76194
76199
76202
76203
76216
76218
76222
76223
76224
76226
76249
76255
76262
76271
76276
76281
76284
76286
76288
76300
76301
76310
76313
76314
76315
76341
76363
76365
76366
76371
76373
76375
76383
76399
76404
76405
76412
76419
76436
76439
76441
76447
76461
76478
76479
76488
76499
76516
76518
76523
76524
76526
76538
76541
76571
76576
76593
76599
76603
76613
76616
76619
76620
76626
76633
76637
76638
76643
76648
76651
76652
76655
76656
76661
76674
76676
76685
76689
76696
76700
76705
76718
76723
76729
76732
76736
76741
76743
76756
76757
76758
76760
76767
76768
76772
76782
76789
76792
76797
76800
76801
76802
76804
76829
76835
76846
76849
76853
76854
76856
76862
76863
76865
76868
76874
76878
76880
76882
76888
76899
76901
76902
76905
76911
76913
76914
76915
76917
76932
76933
76939
76944
76945
76948
76952
76953
76954
76955
76957
76959
76960
76961
76978
76980
76987
77000
77003
77004
77009
77022
77024
77027
77041
77048
77057
77059
77062
77072
77079
77080
77081
77084
77090
77091
77095
77108
77119
77124
77139
77142
77146
77148
77152
77160
77169
77175
77177
77181
77186
77188
77189
77211
77216
77224
77230
77232
77235
77237
77251
77258
77259
77262
77279
77308
77310
77313
77317
77319
77321
77332
77341
77344
77352
77354
77362
77367
77373
77381
77387
77389
77393
77395
77403
77410
77418
77421
77429
77431
77440
77452
77460
77478
77481
77501
77511
77515
77516
77539
77541
77557
77559
77560
77567
77568
77569
77582
77588
77600
77602
77605
77613
77635
77647
77650
77651
77653
77655
77657
77659
77669
77672
77676
77689
77692
77696
77702
77711
77718
77724
77725
77733
77739
77741
77742
77745
77746
77751
77755
77757
77758
77775
77780
77795
77799
77802
77803
77805
77811
77821
77827
77830
77833
77834
77835
77840
77851
77854
77874
77875
77877
77892
77896
77909
77911
77912
77913
77917
77929
77931
77934
77935
77948
77961
77970
77977
78004
78007
78022
78032
78038
78049
78078
78080
78081
78083
78085
78098
78101
78107
78110
78112
78114
78120
78127
78128
78137
78140
78153
78154
78160
78161
78179
78189
78197
78203
78208
78217
78221
78229
78232
78236
78241
78243
78251
78253
78260
78268
78291
78300
78314
78319
78320
78349
78350
78355
78359
78367
78370
78371
78381
78393
78396
78414
78415
78425
78444
78447
78448
78450
78452
78455
78465
78472
78475
78479
78483
78487
78489
78499
78502
78516
78519
78524
78526
78527
78539
78545
78551
78557
78574
78576
78578
78581
78598
78606
78613
78620
78625
78627
78629
78639
78644
78649
78653
78660
78661
78668
78669
78677
78684
78688
78693
78700
78708
78721
78727
78734
78743
78744
78764
78775
78781
78782
78786
78805
78809
78820
78828
78842
78843
78844
78851
78855
78863
78866
78873
78874
78878
78881
78888
78891
78892
78900
78906
78912
78917
78934
78939
78941
78942
78944
78948
78949
78952
78958
78963
78965
78966
78975
78978
78983
78992
78994
78995
78998
78999
79002
79008
79017
79021
79024
79026
79028
79032
79039
79062
79065
79067
79088
79092
79104
79109
79114
79119
79137
79154
79160
79164
79179
79182
79187
79196
79202
79205
79227
79229
79230
79231
79232
79237
79246
79253
79261
79262
79274
79278
79279
79282
79283
79288
79289
79290
79295
79301
79307
79312
79314
79316
79320
79322
79328
79340
79342
79351
79359
79361
79376
79378
79379
79381
79382
79391
79392
79396
79397
79402
79403
79404
79417
79418
79420
79421
79424
79425
79426
79438
79450
79451
79460
79463
79466
79470
79476
79484
79485
79496
79504
79508
79514
79529
79533
79537
79539
79543
79553
79556
79560
79586
79593
79594
79595
79607
79625
79628
79633
79637
79646
79651
79654
79661
79663
79671
79675
79676
79678
79683
79691
79692
79694
79699
79720
79721
79729
79732
79737
79741
79745
79746
79748
79757
79763
79766
79767
79779
79784
79787
79805
79816
79821
79826
79833
79838
79840
79850
79856
79871
79883
79884
79886
79895
79897
79901
79912
79916
79927
79934
79940
79944
79957
79962
79963
79970
79978
79979
79980
79989
79997
79998
80000
80004
80020
80028
80038
80045
80058
80063
80066
80067
80073
80075
80076
80082
80094
80097
80124
80136
80137
80143
80146
80150
80153
80155
80156
80160
80165
80171
80177
80179
80182
80190
80193
80199
80215
80216
80224
80230
80231
80232
80233
80236
80238
80247
80248
80256
80257
80260
80266
80277
80283
80292
80293
80295
80303
80315
80322
80336
80340
80345
80347
80355
80357
80360
80363
80364
80375
80376
80377
80380
80391
80392
80393
80397
80398
80402
80404
80414
80422
80433
80436
80441
80454
80467
80468
80477
80483
80492
80497
80499
80501
80505
80511
80514
80527
80534
80535
80537
80538
80539
80551
80566
80568
80569
80576
80582
80584
80589
80593
80596
80602
80609
80610
80611
80615
80618
80619
80627
80640
80642
80651
80654
80657
80668
80670
80676
80679
80683
80690
80691
80706
80707
80719
80721
80725
80726
80735
80739
80741
80745
80760
80761
80775
80783
80786
80790
80797
80802
80807
80809
80813
80814
80816
80819
80827
80833
80836
80840
80849
80851
80852
80859
80865
80866
80867
80871
80876
80877
80886
80890
80891
80908
80915
80921
80924
80938
80939
80942
80947
80950
80952
80955
80967
80972
80973
80974
80977
80981
80984
80985
81001
81006
81015
81019
81026
81029
81036
81039
81044
81060
81077
81086
81100
81101
81119
81124
81129
81134
81142
81153
81156
81158
81175
81176
81180
81193
81201
81217
81219
81220
81223
81227
81243
81249
81252
81253
81254
81261
81265
81267
81275
81279
81282
81286
81294
81301
81306
81312
81316
81321
81332
81333
81347
81351
81358
81362
81363
81374
81376
81381
81391
81405
81406
81410
81411
81427
81430
81431
81432
81433
81434
81439
81441
81442
81443
81466
81481
81482
81484
81487
81492
81495
81502
81509
81512
81513
81515
81516
81517
81532
81537
81540
81545
81548
81556
81558
81559
81561
81566
81575
81580
81581
81585
81589
81603
81624
81625
81626
81631
81633
81642
81646
81657
81667
81671
81672
81673
81676
81681
81687
81688
81690
81699
81711
81712
81719
81720
81721
81723
81724
81730
81734
81743
81755
81763
81768
81774
81776
81783
81784
81786
81789
81790
81797
81804
81807
81811
81823
81833
81836
81838
81839
81852
81854
81859
81862
81871
81876
81877
81887
81888
81908
81909
81915
81919
81930
81938
81946
81974
81977
81985
81992
81995
81997
81998
82002
82003
82008
82010
82022
82035
82040
82043
82064
82071
82076
82101
82102
82114
82118
82119
82124
82137
82139
82146
82152
82153
82154
82155
82161
82162
82170
82177
82178
82220
82221
82222
82224
82230
82234
82241
82249
82254
82262
82266
82270
82273
82285
82287
82293
82294
82295
82296
82299
82306
82308
82323
82324
82327
82328
82350
82352
82356
82359
82370
82373
82378
82379
82380
82381
82385
82397
82404
82409
82414
82416
82421
82422
82424
82433
82446
82449
82451
82452
82454
82456
82459
82462
82466
82469
82474
82476
82494
82499
82514
82523
82527
82530
82532
82546
82551
82557
82585
82589
82595
82599
82604
82609
82617
82618
82629
82639
82642
82643
82644
82659
82664
82668
82679
82684
82694
82697
82705
82711
82715
82716
82723
82732
82735
82747
82753
82754
82762
82771
82774
82801
82813
82823
82852
82853
82867
82868
82870
82873
82877
82881
82889
82892
82901
82904
82909
82913
82915
82919
82925
82929
82935
82941
82951
82954
82969
82992
82994
83005
83008
83018
83025
83033
83034
83040
83045
83050
83053
83057
83061
83065
83066
83067
83070
83071
83072
83075
83077
83085
83094
83102
83103
83105
83108
83114
83118
83119
83120
83122
83138
83143
83145
83146
83149
83156
83185
83186
83195
83202
83229
83234
83237
83241
83250
83259
83274
83280
83292
83295
83299
83304
83307
83313
83359
83360
83380
83384
83388
83391
83399
83404
83405
83415
83417
83423
83428
83430
83436
83440
83444
83458
83459
83475
83481
83483
83484
83490
83493
83494
83499
83501
83506
83521
83527
83533
83535
83536
83552
83553
83554
83556
83558
83561
83566
83568
83571
83574
83575
83580
83584
83590
83591
83594
83598
83599
83603
83628
83637
83645
83654
83661
83676
83677
83686
83687
83700
83701
83707
83722
83723
83734
83746
83750
83752
83758
83765
83766
83767
83769
83772
83774
83783
83790
83792
83801
83806
83811
83829
83839
83841
83852
83862
83865
83868
83871
83872
83882
83890
83891
83908
83926
83936
83957
83966
83972
83976
83981
83991
83995
83997
83998
84000
84028
84030
84033
84034
84038
84045
84058
84059
84066
84070
84072
84079
84080
84085
84098
84104
84107
84108
84118
84127
84132
84140
84146
84150
84152
84164
84171
84179
84190
84200
84202
84212
84216
84225
84228
84232
84237
84244
84246
84248
84250
84255
84256
84258
84259
84261
84276
84280
84281
84284
84286
84293
84294
84299
84300
84303
84313
84317
84319
84323
84324
84326
84329
84330
84332
84333
84345
84348
84357
84359
84360
84372
84373
84382
84387
84395
84398
84400
84401
84402
84409
84415
84417
84444
84460
84470
84483
84500
84504
84518
84524
84534
84535
84560
84562
84568
84570
84573
84577
84589
84593
84601
84608
84616
84624
84634
84636
84638
84639
84642
84646
84651
84661
84664
84666
84673
84683
84696
84699
84704
84709
84718
84722
84731
84734
84744
84749
84755
84758
84760
84768
84774
84787
84789
84790
84795
84805
84813
84815
84817
84826
84828
84831
84837
84842
84844
84847
84852
84855
84860
84862
84868
84870
84875
84878
84879
84896
84897
84899
84906
84913
84920
84922
84931
84932
84938
84941
84946
84949
84953
84963
84977
84984
84991
84994
84997
85000
85005
85007
85015
85034
85043
85046
85054
85057
85062
85067
85074
85081
85099
85116
85120
85121
85141
85147
85148
85153
85161
85163
85164
85168
85172
85182
85184
85187
85188
85192
85193
85200
85203
85204
85209
85214
85216
85220
85229
85231
85232
85244
85250
85258
85263
85272
85278
85282
85299
85306
85307
85315
85321
85324
85327
85334
85338
85339
85340
85343
85345
85349
85353
85369
85370
85371
85372
85374
85388
85392
85394
85403
85408
85412
85416
85419
85423
85427
85428
85429
85433
85435
85436
85437
85440
85441
85446
85470
85475
85485
85489
85491
85494
85502
85512
85513
85515
85521
85523
85538
85548
85558
85561
85563
85564
85573
85575
85585
85603
85615
85620
85622
85625
85633
85636
85637
85643
85656
85659
85664
85666
85667
85668
85681
85688
85700
85702
85703
85708
85720
85734
85758
85764
85766
85771
85775
85789
85798
85800
85810
85826
85835
85841
85848
85858
85867
85877
85882
85887
85895
85898
85901
85904
85910
85913
85918
85919
85923
85924
85929
85936
85941
85950
85954
85956
85961
85963
85971
85973
85976
85986
85988
85993
85995
86000
86008
86020
86033
86036
86038
86049
86051
86053
86067
86074
86088
86090
86099
86102
86104
86117
86137
86150
86152
86156
86183
86191
86194
86195
86199
86202
86204
86214
86215
86216
86219
86223
86224
86228
86234
86238
86244
86247
86251
86253
86256
86258
86266
86270
86277
86279
86283
86295
86300
86301
86309
86310
86316
86323
86325
86326
86334
86338
86344
86347
86348
86349
86353
86358
86360
86369
86383
86385
86396
86407
86424
86433
86439
86443
86444
86451
86461
86467
86484
86489
86510
86513
86522
86528
86535
86537
86540
86541
86543
86544
86549
86565
86578
86580
86582
86599
86601
86611
86616
86625
86632
86635
86638
86648
86665
86668
86675
86676
86680
86683
86695
86696
86699
86704
86725
86737
86757
86765
86766
86774
86779
86814
86817
86821
86823
86825
86827
86831
86835
86838
86849
86851
86855
86857
86859
86861
86862
86865
86867
86870
86897
86898
86906
86909
86911
86922
86923
86925
86966
86968
86969
86973
86979
86985
86993
87010
87015
87017
87028
87037
87041
87045
87046
87066
87069
87074
87075
87077
87090
87100
87105
87106
87110
87117
87123
87128
87133
87134
87135
87144
87147
87154
87156
87164
87167
87168
87171
87179
87182
87194
87215
87216
87225
87226
87229
87232
87234
87238
87247
87265
87268
87275
87277
87282
87284
87289
87291
87300
87305
87307
87308
87317
87318
87334
87343
87347
87351
87402
87412
87419
87420
87421
87425
87426
87428
87432
87440
87441
87443
87444
87450
87453
87457
87458
87459
87476
87477
87484
87489
87502
87510
87517
87534
87542
87551
87559
87564
87568
87569
87570
87577
87583
87590
87592
87598
87601
87608
87610
87615
87624
87635
87638
87641
87642
87655
87658
87661
87668
87670
87672
87674
87675
87679
87684
87685
87687
87705
87707
87717
87724
87727
87736
87742
87747
87750
87758
87759
87763
87770
87780
87782
87798
87799
87814
87818
87819
87823
87832
87839
87847
87855
87860
87861
87862
87866
87878
87895
87898
87900
87905
87910
87911
87919
87920
87926
87932
87935
87949
87963
87965
87970
87998
88001
88006
88007
88009
88040
88048
88056
88059
88078
88085
88086
88091
88094
88100
88102
88104
88109
88112
88128
88129
88143
88146
88150
88156
88157
88160
88181
88184
88194
88197
88210
88216
88223
88229
88230
88232
88236
88238
88257
88259
88260
88261
88272
88275
88292
88293
88294
88308
88324
88326
88327
88331
88339
88340
88344
88346
88350
88352
88363
88370
88374
88379
88382
88395
88398
88412
88418
88425
88426
88428
88436
88448
88450
88451
88477
88490
88503
88504
88509
88515
88516
88524
88525
88530
88537
88556
88560
88567
88571
88575
88578
88583
88585
88591
88603
88612
88616
88621
88627
88629
88634
88649
88652
88656
88658
88666
88677
88684
88691
88697
88698
88703
88711
88714
88715
88720
88737
88742
88747
88748
88749
88752
88754
88758
88759
88761
88763
88766
88777
88779
88780
88788
88798
88802
88805
88810
88814
88818
88819
88830
88833
88835
88839
88841
88843
88852
88853
88854
88861
88886
88890
88894
88909
88910
88919
88921
88925
88928
88932
88933
88935
88943
88945
88949
88979
88983
88987
88990
89000
89007
89015
89016
89036
89045
89052
89058
89060
89061
89063
89072
89074
89086
89097
89104
89108
89110
89112
89121
89128
89132
89145
89156
89159
89163
89175
89182
89185
89193
89203
89208
89212
89225
89230
89233
89236
89243
89248
89254
89255
89260
89267
89268
89274
89276
89278
89285
89294
89297
89302
89303
89311
89319
89320
89322
89323
89337
89339
89354
89356
89362
89371
89375
89376
89377
89390
89391
89392
89408
89412
89425
89428
89434
89441
89444
89448
89452
89456
89457
89458
89464
89470
89471
89476
89485
89487
89490
89495
89498
89499
89501
89503
89506
89508
89512
89516
89518
89519
89521
89533
89546
89555
89558
89567
89579
89580
89581
89582
89589
89591
89599
89610
89632
89638
89639
89642
89648
89661
89676
89678
89690
89699
89706
89714
89721
89727
89730
89737
89739
89743
89751
89756
89771
89778
89781
89782
89803
89804
89805
89821
89827
89829
89832
89839
89843
89845
89849
89854
89855
89856
89857
89858
89864
89867
89868
89877
89882
89885
89886
89887
89890
89907
89909
89915
89916
89917
89918
89920
89942
89944
89957
89958
89962
89968
89986
90004
90005
90007
90008
90012
90015
90019
90027
90028
90029
90032
90042
90043
90046
90048
90051
90052
90068
90069
90074
90076
90078
90085
90096
90111
90116
90118
90119
90132
90143
90146
90150
90153
90159
90173
90193
90196
90220
90221
90226
90233
90236
90237
90241
90250
90252
90262
90284
90285
90286
90289
90295
90296
90297
90317
90320
90323
90333
90343
90344
90354
90359
90361
90365
90366
90369
90371
90374
90379
90391
90397
90410
90411
90425
90426
90428
90429
90431
90432
90433
90438
90443
90448
90449
90455
90464
90466
90467
90468
90472
90474
90477
90486
90491
90492
90497
90500
90515
90520
90521
90522
90524
90528
90529
90537
90538
90545
90552
90556
90563
90566
90567
90575
90584
90601
90606
90622
90623
90643
90650
90658
90659
90663
90665
90670
90672
90677
90678
90679
90694
90701
90710
90711
90715
90718
90722
90723
90734
90735
90739
90740
90746
90754
90760
90761
90763
90766
90772
90775
90783
90786
90799
90800
90813
90815
90820
90833
90838
90839
90850
90854
90865
90873
90886
90888
90890
90895
90897
90918
90925
90926
90935
90937
90939
90946
90965
90968
90976
90979
90983
90986
90998
91001
91003
91004
91008
91014
91040
91044
91045
91047
91048
91049
91053
91054
91055
91056
91057
91062
91068
91074
91077
91084
91088
91093
91100
91102
91113
91117
91122
91136
91140
91141
91145
91153
91161
91162
91172
91177
91183
91205
91207
91208
91211
91213
91219
91220
91228
91231
91235
91239
91244
91250
91259
91265
91288
91313
91321
91322
91324
91327
91338
91344
91347
91357
91364
91366
91393
91397
91398
91400
91405
91407
91412
91417
91420
91421
91425
91436
91446
91456
91461
91462
91468
91469
91470
91472
91475
91476
91481
91482
91486
91489
91498
91504
91506
91527
91532
91536
91560
91567
91581
91583
91590
91597
91600
91601
91604
91629
91635
91636
91656
91659
91661
91664
91666
91667
91676
91679
91680
91682
91684
91685
91689
91694
91699
91706
91710
91712
91720
91723
91734
91735
91744
91745
91750
91755
91764
91776
91777
91778
91788
91792
91800
91807
91812
91814
91816
91830
91833
91845
91847
91849
91854
91856
91859
91861
91866
91867
91874
91875
91884
91890
91894
91902
91903
91924
91945
91949
91951
91955
91956
91957
91963
91971
91978
91987
91995
92015
92022
92036
92045
92050
92054
92057
92059
92070
92074
92077
92084
92085
92086
92097
92109
92125
92126
92142
92146
92148
92150
92153
92158
92163
92166
92170
92172
92181
92200
92204
92207
92210
92212
92231
92233
92238
92249
92250
92255
92282
92292
92308
92309
92311
92316
92324
92327
92331
92333
92338
92340
92343
92345
92351
92358
92367
92371
92374
92379
92382
92392
92408
92417
92429
92433
92434
92437
92450
92471
92478
92488
92489
92491
92500
92504
92509
92518
92522
92526
92529
92539
92543
92553
92558
92561
92571
92578
92589
92603
92604
92612
92619
92625
92628
92630
92632
92636
92641
92645
92648
92683
92684
92708
92711
92713
92716
92718
92723
92726
92727
92730
92735
92745
92746
92747
92752
92753
92765
92771
92772
92780
92786
92788
92795
92796
92799
92800
92829
92838
92839
92845
92851
92865
92873
92874
92875
92895
92900
92901
92909
92913
92914
92917
92919
92922
92924
92936
92939
92945
92956
92958
92960
92970
92980
92982
92992
93006
93015
93017
93026
93029
93033
93036
93038
93039
93042
93068
93070
93085
93086
93090
93096
93101
93110
93119
93125
93140
93141
93143
93144
93146
93155
93160
93165
93171
93174
93189
93194
93197
93202
93212
93213
93215
93217
93222
93235
93241
93242
93247
93252
93261
93262
93282
93283
93296
93310
93312
93316
93321
93322
93324
93326
93331
93335
93339
93350
93355
93360
93370
93371
93375
93377
93380
93383
93388
93410
93411
93412
93416
93419
93424
93428
93437
93443
93448
93453
93464
93476
93477
93484
93497
93503
93514
93522
93527
93533
93565
93571
93572
93579
93582
93585
93595
93598
93602
93606
93607
93615
93626
93628
93630
93638
93639
93645
93657
93660
93662
93668
93671
93673
93676
93684
93692
93699
93702
93705
93713
93714
93735
93746
93775
93778
93783
93794
93796
93805
93817
93820
93823
93827
93828
93835
93836
93838
93840
93844
93847
93853
93856
93857
93872
93875
93876
93878
93879
93880
93885
93888
93893
93894
93901
93910
93912
93919
93925
93939
93950
93952
93955
93957
93958
93961
93966
93968
93969
93970
93975
93985
93989
93992
93996
94003
94008
94009
94011
94020
94021
94023
94036
94065
94071
94081
94088
94092
94096
94099
94100
94107
94109
94113
94114
94117
94130
94142
94150
94152
94153
94158
94160
94168
94183
94198
94217
94225
94230
94231
94236
94250
94262
94263
94287
94295
94306
94310
94312
94318
94327
94329
94334
94349
94355
94367
94368
94369
94371
94375
94381
94396
94397
94402
94403
94408
94411
94418
94419
94421
94427
94428
94437
94439
94446
94449
94454
94460
94465
94479
94488
94504
94510
94512
94516
94526
94527
94530
94560
94568
94577
94578
94588
94589
94591
94594
94599
94601
94622
94627
94636
94637
94642
94646
94649
94652
94660
94663
94664
94670
94678
94687
94689
94691
94727
94728
94740
94746
94753
94757
94763
94764
94781
94786
94793
94795
94796
94799
94800
94806
94814
94822
94825
94830
94831
94843
94844
94846
94852
94853
94860
94868
94888
94894
94911
94922
94926
94929
94930
94933
94937
94942
94963
94965
94967
94968
94972
94990
94995
94999
95003
95010
95014
95027
95028
95041
95045
95055
95065
95090
95095
95096
95100
95113
95115
95124
95133
95137
95140
95141
95143
95144
95151
95152
95158
95171
95176
95177
95184
95185
95186
95187
95192
95196
95201
95225
95231
95235
95242
95246
95254
95265
95271
95274
95277
95282
95284
95286
95287
95304
95313
95315
95320
95330
95333
95335
95336
95343
95350
95353
95357
95365
95393
95394
95401
95405
95411
95420
95422
95430
95431
95441
95462
95469
95472
95475
95477
95494
95496
95499
95500
95502
95507
95509
95512
95517
95518
95519
95532
95549
95551
95572
95574
95583
95586
95603
95604
95610
95645
95654
95666
95671
95672
95675
95685
95687
95691
95694
95706
95710
95711
95714
95719
95722
95726
95731
95741
95747
95751
95756
95763
95764
95778
95779
95792
95797
95805
95806
95813
95817
95818
95822
95823
95826
95855
95858
95868
95871
95884
95885
95886
95898
95899
95915
95924
95926
95935
95937
95939
95945
95952
95965
95971
95975
95986
95989
95992
95994
95997
95999
96005
96028
96042
96053
96055
96062
96069
96071
96072
96081
96087
96096
96099
96101
96104
96111
96121
96123
96125
96127
96147
96169
96171
96180
96183
96186
96187
96189
96190
96204
96214
96220
96231
96236
96239
96242
96245
96249
96253
96257
96258
96272
96275
96277
96284
96296
96297
96300
96314
96321
96322
96324
96325
96348
96355
96358
96365
96376
96393
96397
96401
96405
96412
96414
96425
96426
96432
96435
96442
96447
96450
96456
96472
96474
96500
96504
96505
96508
96511
96513
96515
96519
96521
96522
96523
96524
96527
96530
96532
96536
96550
96555
96560
96572
96582
96592
96598
96599
96600
96608
96618
96620
96631
96633
96637
96638
96661
96670
96671
96685
96709
96710
96719
96720
96722
96723
96736
96737
96738
96739
96744
96747
96749
96751
96762
96774
96775
96780
96783
96791
96816
96818
96826
96832
96833
96837
96841
96855
96859
96860
96865
96866
96878
96882
96883
96907
96909
96917
96919
96948
96954
96963
96966
96967
96973
96981
96982
96983
97001
97002
97004
97009
97010
97012
97014
97019
97025
97033
97042
97049
97059
97065
97070
97077
97088
97090
97092
97097
97101
97103
97105
97109
97111
97112
97118
97120
97123
97126
97130
97131
97136
97139
97140
97141
97148
97149
97154
97155
97158
97159
97162
97166
97169
97170
97175
97178
97196
97199
97214
97230
97233
97238
97241
97246
97257
97265
97272
97276
97290
97321
97328
97342
97348
97356
97357
97369
97370
97380
97382
97394
97413
97422
97447
97453
97459
97462
97464
97471
97472
97486
97491
97503
97520
97526
97528
97533
97537
97543
97560
97574
97576
97577
97580
97581
97599
97613
97615
97616
97620
97627
97630
97632
97637
97639
97641
97643
97657
97664
97670
97683
97692
97693
97697
97698
97709
97713
97716
97725
97726
97738
97754
97755
97767
97774
97780
97782
97795
97801
97806
97812
97820
97831
97836
97862
97865
97880
97903
97909
97912
97933
97948
97953
97954
97959
97965
97975
97985
97989
98002
98014
98016
98020
98030
98039
98044
98046
98051
98053
98064
98067
98071
98072
98077
98088
98090
98093
98094
98101
98114
98119
98120
98126
98127
98140
98153
98154
98177
98181
98182
98185
98190
98202
98203
98207
98213
98226
98227
98235
98245
98252
98254
98260
98264
98267
98276
98280
98281
98303
98312
98317
98328
98330
98333
98340
98349
98351
98362
98363
98372
98389
98420
98422
98425
98426
98433
98434
98436
98443
98457
98462
98467
98473
98483
98489
98492
98496
98501
98502
98506
98515
98520
98530
98541
98553
98558
98569
98574
98577
98587
98599
98601
98613
98625
98628
98630
98632
98645
98665
98668
98693
98695
98697
98702
98706
98717
98721
98736
98742
98751
98754
98755
98762
98766
98768
98774
98803
98822
98829
98843
98848
98861
98862
98866
98869
98876
98877
98880
98890
98891
98905
98917
98918
98926
98928
98933
98935
98941
98945
98958
98959
98962
98971
98976
98980
98981
98993
99000
99004
99012
99024
99028
99030
99038
99046
99053
99054
99057
99070
99079
99087
99102
99109
99113
99124
99126
99129
99130
99136
99143
99151
99156
99159
99161
99166
99171
99187
99193
99194
99198
99201
99202
99222
99229
99232
99239
99252
99253
99260
99265
99273
99294
99296
99297
99303
99314
99318
99325
99328
99337
99338
99339
99340
99347
99350
99358
99367
99369
99375
99385
99395
99402
99405
99408
99410
99422
99426
99427
99428
99448
99451
99453
99460
99462
99463
99464
99470
99492
99498
99508
99510
99517
99522
99543
99544
99545
99550
99568
99572
99582
99583
99612
99619
99620
99624
99639
99641
99645
99647
99649
99654
99664
99674
99675
99677
99703
99704
99712
99718
99724
99734
99735
99740
99744
99756
99760
99786
99793
99796
99803
99804
99832
99841
99846
99852
99859
99867
99872
99890
99900
99915
99919
99927
99950
99957
99975
99976
99980
99989
