1
17
47
55
62
67
83
86
87
89
92
101
108
118
120
122
137
138
150
154
156
172
176
182
184
185
210
214
236
240
241
252
265
268
282
287
328
334
337
346
348
349
372
381
406
427
429
440
447
452
470
473
474
500
517
520
528
553
558
561
564
594
605
611
617
623
626
633
665
666
681
686
688
709
713
726
728
737
763
766
770
779
786
791
793
794
795
802
807
809
818
819
821
844
846
867
871
880
895
899
906
913
915
918
920
925
931
934
942
945
949
952
955
956
958
965
983
985
1005
1013
1017
1029
1030
1032
1039
1047
1070
1077
1078
1079
1081
1098
1099
1128
1129
1162
1199
1202
1218
1227
1232
1236
1239
1242
1264
1266
1268
1275
1284
1290
1293
1309
1312
1318
1354
1358
1360
1373
1383
1394
1396
1401
1406
1412
1417
1427
1431
1433
1436
1445
1451
1453
1458
1459
1487
1522
1532
1551
1558
1565
1587
1602
1621
1625
1628
1640
1647
1663
1664
1682
1688
1721
1771
1780
1782
1799
1802
1806
1808
1809
1811
1836
1844
1846
1860
1871
1892
1910
1917
1937
1966
1970
1986
1989
1996
2000
2005
2018
2022
2025
2031
2041
2043
2046
2057
2060
2084
2094
2096
2120
2142
2152
2153
2154
2162
2168
2180
2184
2198
2206
2217
2219
2220
2241
2248
2263
2264
2278
2286
2289
2292
2295
2310
2325
2328
2334
2354
2358
2366
2376
2380
2381
2384
2418
2441
2449
2464
2494
2498
2505
2531
2534
2538
2558
2598
2607
2615
2616
2618
2621
2622
2625
2628
2630
2638
2641
2649
2651
2653
2662
2673
2674
2684
2701
2710
2720
2736
2739
2741
2764
2769
2773
2776
2777
2785
2796
2800
2831
2843
2860
2861
2872
2875
2892
2897
2910
2911
2918
2950
2952
2957
2968
2969
2974
2982
2985
2988
2990
2998
3000
3004
3005
3011
3029
3032
3040
3049
3051
3056
3067
3069
3070
3087
3095
3112
3118
3128
3133
3136
3137
3141
3160
3162
3170
3187
3194
3199
3212
3227
3241
3272
3286
3289
3299
3301
3304
3306
3307
3314
3316
3318
3320
3340
3353
3360
3367
3380
3382
3387
3403
3416
3417
3430
3438
3443
3465
3468
3474
3475
3481
3483
3495
3502
3508
3509
3510
3513
3521
3528
3533
3540
3543
3557
3570
3571
3573
3592
3597
3621
3623
3639
3642
3644
3645
3651
3652
3657
3659
3661
3667
3693
3699
3704
3706
3710
3753
3762
3765
3789
3790
3797
3802
3804
3812
3814
3822
3824
3826
3830
3831
3832
3845
3882
3886
3894
3898
3900
3911
3912
3923
3933
3946
3956
3957
3977
3978
3984
3995
3998
3999
4015
4016
4028
4045
4048
4056
4057
4058
4062
4076
4080
4089
4091
4092
4093
4106
4117
4134
4136
4143
4145
4152
4161
4176
4181
4183
4197
4199
4213
4226
4227
4231
4242
4243
4247
4251
4268
4279
4292
4313
4321
4325
4335
4357
4361
4370
4398
4400
4406
4421
4427
4436
4441
4449
4473
4476
4478
4489
4491
4492
4495
4516
4524
4550
4551
4558
4562
4569
4589
4600
4603
4606
4610
4614
4624
4629
4633
4637
4648
4656
4657
4658
4664
4682
4698
4699
4700
4715
4726
4727
4728
4733
4766
4767
4785
4787
4791
4813
4816
4818
4861
4862
4865
4869
4885
4898
4901
4907
4911
4931
4936
4947
4955
4957
4962
4968
4985
5009
5011
5035
5036
5046
5053
5075
5076
5081
5088
5089
5090
5092
5097
5103
5148
5149
5151
5155
5159
5162
5189
5193
5209
5210
5213
5240
5252
5255
5268
5279
5290
5292
5300
5301
5302
5311
5320
5326
5329
5331
5341
5342
5351
5373
5375
5377
5383
5394
5397
5398
5399
5412
5423
5434
5449
5454
5456
5463
5468
5474
5478
5482
5485
5490
5495
5505
5512
5514
5519
5520
5528
5536
5539
5562
5572
5586
5587
5599
5608
5621
5628
5633
5649
5650
5656
5662
5665
5674
5689
5690
5695
5697
5699
5702
5704
5724
5734
5735
5739
5758
5760
5766
5798
5804
5810
5815
5820
5821
5828
5829
5837
5853
5857
5859
5865
5867
5871
5879
5886
5915
5928
5935
5940
5958
5962
5969
5988
6002
6015
6027
6028
6047
6049
6056
6073
6083
6088
6091
6096
6122
6142
6157
6170
6171
6172
6176
6182
6190
6194
6204
6206
6217
6220
6222
6224
6227
6244
6251
6255
6258
6284
6286
6300
6306
6318
6327
6330
6336
6343
6372
6395
6397
6410
6411
6419
6423
6433
6443
6446
6451
6464
6465
6467
6470
6472
6481
6482
6486
6487
6500
6507
6512
6518
6521
6523
6524
6534
6538
6548
6559
6569
6570
6575
6579
6581
6591
6592
6593
6605
6633
6636
6640
6641
6647
6652
6656
6663
6666
6702
6705
6711
6727
6728
6730
6740
6742
6788
6794
6799
6803
6807
6808
6813
6817
6828
6840
6847
6851
6856
6877
6897
6902
6904
6912
6933
6936
6951
6958
6968
6971
6972
6992
6994
6995
6996
7002
7005
7012
7013
7015
7024
7034
7041
7042
7048
7053
7059
7063
7066
7087
7090
7095
7096
7102
7109
7118
7128
7135
7136
7156
7163
7170
7171
7188
7192
7194
7257
7264
7266
7276
7314
7344
7350
7352
7376
7378
7386
7402
7409
7417
7420
7423
7428
7444
7446
7465
7469
7470
7480
7486
7489
7505
7511
7520
7528
7535
7542
7544
7550
7562
7565
7580
7603
7619
7620
7637
7642
7652
7657
7666
7684
7696
7698
7700
7702
7712
7726
7732
7733
7742
7749
7757
7777
7778
7794
7798
7830
7854
7858
7864
7883
7884
7888
7900
7921
7936
7946
7958
7960
7968
7975
7976
7981
7984
7986
8005
8014
8024
8028
8040
8043
8057
8063
8065
8068
8083
8088
8104
8115
8144
8160
8166
8171
8178
8180
8189
8198
8210
8215
8222
8239
8250
8255
8257
8264
8271
8282
8292
8306
8313
8316
8320
8339
8342
8349
8353
8367
8375
8377
8390
8402
8408
8409
8414
8421
8423
8425
8427
8441
8443
8445
8457
8476
8480
8490
8507
8520
8522
8529
8534
8544
8558
8562
8565
8566
8571
8572
8578
8607
8613
8622
8626
8632
8639
8640
8658
8687
8690
8696
8698
8711
8712
8733
8751
8767
8786
8789
8794
8810
8818
8825
8828
8831
8833
8835
8837
8842
8859
8863
8870
8873
8882
8883
8886
8913
8946
8947
8956
8960
8967
8968
8973
8978
8980
8985
8986
8988
9010
9017
9033
9050
9051
9086
9107
9115
9118
9120
9136
9139
9145
9146
9148
9160
9168
9174
9180
9185
9193
9195
9209
9219
9221
9227
9228
9245
9261
9272
9278
9280
9281
9282
9315
9326
9351
9355
9361
9374
9376
9382
9390
9393
9394
9396
9402
9405
9416
9423
9436
9442
9450
9456
9466
9468
9477
9478
9479
9490
9493
9495
9496
9504
9510
9516
9518
9520
9523
9543
9547
9567
9597
9610
9622
9623
9628
9639
9658
9678
9681
9696
9710
9720
9721
9723
9724
9729
9744
9745
9749
9769
9805
9806
9815
9817
9828
9848
9851
9855
9856
9857
9858
9863
9866
9910
9915
9919
9924
9925
9935
9947
9958
10001
10012
10022
10027
10033
10037
10064
10068
10078
10081
10085
10087
10104
10108
10115
10125
10130
10136
10152
10154
10163
10167
10181
10195
10208
10211
10221
10225
10235
10237
10239
10244
10258
10265
10269
10270
10274
10280
10287
10298
10300
10311
10321
10349
10352
10357
10374
10392
10408
10414
10424
10429
10433
10440
10455
10462
10464
10474
10480
10488
10501
10509
10513
10522
10544
10559
10573
10577
10578
10592
10593
10604
10613
10622
10623
10626
10636
10638
10639
10643
10652
10655
10660
10669
10670
10682
10695
10706
10729
10738
10741
10749
10757
10759
10760
10763
10766
10772
10773
10788
10793
10798
10803
10812
10823
10825
10828
10829
10830
10840
10843
10848
10849
10855
10872
10902
10903
10941
10951
10957
10959
10961
10969
10978
10988
10996
11000
11008
11021
11034
11066
11078
11112
11113
11125
11138
11144
11160
11165
11166
11176
11184
11188
11199
11209
11227
11231
11236
11248
11258
11267
11277
11278
11281
11288
11305
11354
11363
11372
11377
11390
11397
11412
11427
11430
11441
11450
11456
11464
11471
11477
11481
11483
11502
11511
11516
11517
11521
11524
11539
11541
11569
11572
11573
11577
11580
11583
11594
11604
11611
11616
11620
11622
11640
11669
11680
11686
11688
11693
11706
11710
11722
11727
11753
11759
11761
11766
11769
11781
11796
11797
11805
11820
11822
11866
11880
11892
11896
11916
11922
11932
11937
11940
11941
11942
11943
11950
11966
11981
11992
11994
12014
12017
12037
12065
12069
12070
12085
12087
12100
12105
12112
12121
12127
12133
12135
12137
12160
12164
12165
12175
12183
12189
12190
12191
12209
12227
12238
12242
12252
12253
12255
12258
12261
12269
12276
12282
12284
12306
12318
12338
12346
12358
12359
12381
12390
12391
12396
12400
12410
12415
12421
12425
12454
12463
12468
12474
12480
12482
12483
12486
12493
12501
12507
12520
12521
12529
12552
12570
12582
12591
12593
12611
12620
12641
12643
12645
12657
12658
12659
12666
12683
12690
12709
12720
12723
12735
12739
12759
12772
12774
12786
12802
12815
12818
12822
12826
12827
12829
12846
12859
12865
12868
12880
12882
12884
12909
12916
12929
12933
12934
12938
12942
12943
12944
12956
12980
13001
13002
13003
13004
13006
13011
13015
13019
13025
13032
13063
13087
13089
13091
13092
13118
13141
13144
13151
13160
13172
13173
13179
13181
13182
13187
13212
13226
13235
13239
13255
13256
13259
13261
13262
13263
13267
13274
13275
13288
13305
13316
13320
13323
13343
13349
13351
13354
13361
13362
13364
13367
13378
13379
13384
13398
13404
13427
13437
13446
13458
13473
13481
13484
13492
13502
13509
13530
13538
13548
13555
13580
13591
13595
13602
13608
13615
13616
13634
13643
13655
13657
13673
13689
13693
13707
13713
13734
13738
13744
13748
13755
13762
13779
13781
13802
13827
13833
13840
13852
13857
13868
13871
13880
13899
13911
13921
13925
13927
13928
13932
13942
13950
13953
13954
13980
13988
13989
13999
14002
14003
14013
14017
14032
14044
14049
14056
14058
14060
14097
14112
14125
14142
14151
14154
14160
14162
14163
14169
14175
14176
14187
14198
14203
14216
14217
14218
14226
14240
14251
14257
14263
14264
14281
14282
14285
14294
14297
14298
14332
14334
14339
14340
14352
14354
14372
14402
14407
14419
14420
14424
14460
14472
14474
14482
14491
14497
14501
14505
14506
14523
14528
14531
14537
14539
14541
14555
14572
14606
14609
14629
14632
14633
14636
14649
14655
14689
14690
14760
14763
14766
14771
14778
14786
14790
14802
14812
14814
14817
14827
14830
14840
14843
14855
14856
14859
14883
14890
14900
14906
14910
14911
14921
14931
14940
14952
14957
14968
14974
14975
14976
14980
15004
15012
15015
15017
15023
15026
15037
15040
15060
15073
15078
15080
15084
15086
15105
15111
15115
15126
15130
15139
15141
15143
15153
15182
15190
15197
15199
15206
15212
15219
15226
15227
15230
15235
15238
15266
15279
15290
15292
15296
15303
15310
15313
15320
15324
15335
15340
15351
15360
15370
15392
15394
15398
15400
15403
15405
15409
15424
15429
15433
15466
15472
15483
15487
15490
15492
15501
15520
15523
15527
15530
15533
15545
15548
15566
15569
15581
15582
15623
15645
15655
15662
15665
15671
15680
15721
15724
15726
15730
15734
15748
15759
15763
15775
15785
15798
15799
15803
15823
15830
15839
15878
15882
15889
15893
15901
15906
15910
15919
15936
15941
15942
15952
15958
15962
15993
16008
16010
16012
16015
16016
16041
16044
16065
16067
16070
16071
16078
16082
16092
16095
16103
16117
16118
16122
16131
16143
16148
16156
16157
16161
16165
16168
16173
16176
16205
16227
16231
16235
16237
16246
16251
16265
16291
16298
16304
16306
16309
16315
16328
16335
16336
16363
16388
16389
16398
16404
16406
16417
16421
16442
16454
16459
16489
16498
16503
16509
16513
16521
16522
16537
16567
16568
16574
16580
16597
16628
16638
16643
16644
16645
16647
16655
16668
16691
16709
16712
16719
16728
16757
16762
16770
16772
16784
16791
16796
16799
16804
16806
16807
16817
16818
16820
16825
16832
16833
16847
16866
16876
16880
16883
16887
16891
16904
16917
16918
16920
16933
16938
16947
16949
16953
16954
16955
16958
16961
16973
16983
16986
16990
16999
17002
17003
17004
17007
17012
17024
17025
17027
17034
17041
17046
17048
17057
17060
17061
17080
17081
17090
17099
17108
17109
17110
17136
17151
17162
17167
17180
17181
17190
17195
17206
17208
17211
17234
17246
17252
17253
17261
17265
17270
17276
17285
17290
17296
17304
17305
17335
17342
17355
17361
17362
17371
17379
17393
17400
17402
17403
17408
17414
17431
17432
17437
17451
17452
17454
17460
17481
17482
17516
17528
17534
17555
17562
17563
17573
17575
17579
17611
17628
17645
17660
17663
17669
17696
17706
17712
17713
17726
17735
17737
17761
17785
17787
17809
17819
17839
17841
17844
17849
17855
17898
17911
17922
17935
17940
17944
17950
17953
17955
17969
17972
17980
17981
17982
17993
17998
18004
18015
18016
18021
18027
18031
18056
18065
18068
18078
18091
18092
18096
18105
18110
18124
18142
18148
18163
18166
18180
18184
18204
18207
18211
18229
18233
18235
18237
18239
18240
18248
18256
18260
18268
18273
18274
18279
18280
18282
18298
18302
18334
18339
18360
18403
18420
18426
18427
18431
18453
18459
18465
18471
18474
18475
18476
18503
18524
18545
18549
18582
18585
18595
18596
18607
18624
18631
18632
18637
18638
18646
18647
18669
18671
18674
18681
18686
18693
18694
18697
18703
18723
18750
18751
18757
18760
18778
18780
18801
18816
18817
18837
18849
18865
18872
18874
18878
18884
18887
18895
18904
18907
18921
18924
18925
18926
18928
18931
18942
18945
18970
18973
18974
18980
18982
18994
19002
19004
19005
19033
19035
19039
19059
19063
19080
19085
19102
19117
19133
19145
19146
19149
19155
19160
19169
19175
19176
19178
19182
19192
19201
19210
19212
19217
19223
19229
19245
19256
19257
19262
19275
19278
19290
19301
19303
19340
19351
19354
19356
19366
19368
19375
19377
19382
19394
19415
19444
19452
19458
19461
19469
19476
19490
19492
19498
19508
19514
19516
19519
19522
19525
19532
19533
19554
19574
19593
19599
19609
19616
19635
19643
19666
19687
19698
19701
19708
19717
19728
19733
19742
19751
19754
19758
19761
19773
19774
19786
19787
19795
19812
19823
19828
19832
19842
19845
19847
19848
19859
19864
19872
19887
19914
19916
19928
19952
19953
19957
19959
19971
19973
19980
20006
20008
20014
20021
20038
20049
20056
20066
20080
20110
20126
20130
20150
20152
20163
20165
20166
20173
20176
20178
20185
20195
20205
20214
20216
20238
20239
20244
20245
20251
20260
20263
20277
20304
20312
20316
20332
20343
20367
20368
20369
20379
20388
20391
20404
20411
20412
20436
20437
20439
20441
20449
20455
20465
20469
20471
20479
20485
20495
20510
20542
20549
20554
20563
20574
20575
20586
20594
20601
20640
20647
20656
20668
20673
20685
20689
20696
20711
20712
20714
20717
20730
20735
20736
20737
20747
20766
20770
20775
20779
20781
20788
20789
20793
20820
20831
20832
20841
20863
20867
20871
20877
20894
20899
20904
20937
20938
20957
20958
20963
20967
20973
20978
20979
20986
20990
20992
20994
21001
21005
21021
21025
21028
21036
21040
21050
21058
21059
21069
21074
21075
21087
21095
21102
21107
21116
21133
21150
21181
21189
21191
21225
21228
21235
21244
21250
21275
21280
21282
21283
21289
21294
21295
21305
21312
21321
21329
21341
21365
21375
21376
21377
21380
21389
21390
21391
21396
21398
21412
21414
21417
21420
21421
21439
21454
21456
21467
21484
21487
21522
21525
21537
21547
21564
21574
21577
21589
21600
21604
21623
21627
21637
21642
21669
21672
21673
21682
21711
21722
21728
21743
21755
21758
21765
21766
21772
21783
21790
21796
21815
21826
21838
21844
21853
21871
21874
21879
21909
21910
21926
21936
21949
21955
21956
21970
21977
21980
21986
21991
21995
21999
22001
22007
22016
22017
22018
22023
22025
22026
22034
22060
22063
22075
22084
22096
22097
22102
22111
22117
22126
22128
22141
22143
22145
22171
22174
22184
22195
22199
22203
22208
22222
22226
22234
22276
22291
22310
22313
22314
22325
22333
22350
22351
22355
22380
22384
22387
22398
22400
22412
22420
22439
22440
22461
22464
22468
22480
22492
22502
22527
22541
22549
22550
22553
22570
22571
22573
22574
22581
22598
22601
22605
22607
22618
22639
22660
22679
22693
22695
22699
22706
22710
22712
22724
22735
22736
22753
22759
22762
22763
22768
22777
22782
22796
22798
22800
22807
22813
22823
22825
22828
22830
22833
22846
22856
22860
22874
22877
22882
22889
22893
22907
22908
22915
22923
22933
22947
22959
22960
22965
22973
22977
22980
22984
22999
23001
23009
23040
23061
23068
23071
23091
23094
23103
23110
23113
23122
23123
23127
23131
23140
23149
23169
23193
23203
23206
23218
23223
23225
23228
23241
23247
23253
23259
23276
23277
23287
23295
23299
23302
23304
23320
23324
23330
23346
23355
23364
23373
23400
23401
23422
23432
23433
23435
23455
23479
23481
23488
23491
23499
23501
23507
23508
23512
23517
23520
23524
23529
23543
23550
23555
23572
23583
23592
23595
23596
23598
23602
23603
23608
23634
23636
23666
23682
23686
23694
23698
23706
23710
23720
23730
23736
23738
23739
23746
23748
23753
23766
23772
23775
23779
23796
23800
23804
23805
23806
23814
23821
23824
23827
23833
23842
23843
23845
23850
23855
23858
23864
23871
23873
23882
23896
23897
23899
23902
23904
23914
23917
23924
23942
23945
23956
23975
23979
23989
23994
24010
24017
24032
24042
24043
24065
24085
24091
24106
24125
24145
24146
24147
24148
24156
24169
24193
24195
24221
24233
24245
24252
24253
24257
24266
24272
24274
24285
24291
24301
24306
24307
24325
24345
24352
24373
24380
24385
24394
24403
24453
24465
24469
24503
24504
24512
24514
24522
24526
24533
24541
24549
24560
24594
24608
24611
24613
24616
24630
24632
24658
24687
24690
24699
24705
24709
24724
24731
24736
24738
24742
24754
24765
24766
24771
24773
24782
24787
24792
24796
24817
24833
24849
24861
24868
24885
24927
24940
24942
24944
24951
24953
24996
25002
25006
25012
25017
25019
25029
25032
25058
25075
25113
25117
25120
25127
25138
25149
25154
25167
25168
25174
25188
25207
25218
25232
25243
25264
25272
25284
25292
25306
25316
25326
25341
25343
25351
25357
25375
25376
25387
25391
25395
25404
25407
25414
25415
25416
25420
25421
25424
25426
25428
25441
25450
25452
25457
25473
25487
25510
25522
25540
25544
25547
25555
25567
25576
25582
25596
25599
25611
25618
25622
25634
25635
25636
25655
25656
25662
25663
25674
25677
25690
25691
25706
25710
25712
25716
25725
25727
25732
25746
25763
25767
25773
25778
25792
25803
25804
25820
25862
25865
25874
25886
25891
25903
25907
25911
25922
25929
25940
25946
25951
25963
25986
25992
25993
25994
25995
26012
26039
26043
26045
26047
26051
26065
26083
26088
26089
26093
26095
26097
26109
26137
26138
26151
26157
26161
26167
26171
26179
26181
26190
26196
26197
26199
26202
26207
26208
26215
26236
26291
26318
26327
26329
26335
26341
26359
26362
26375
26384
26386
26399
26414
26423
26430
26432
26436
26440
26446
26452
26453
26459
26463
26469
26471
26474
26492
26508
26510
26514
26516
26518
26523
26524
26541
26552
26557
26560
26570
26573
26576
26578
26585
26593
26594
26602
26609
26631
26634
26635
26645
26654
26656
26658
26662
26666
26676
26677
26682
26684
26687
26693
26720
26722
26730
26731
26735
26738
26743
26754
26755
26759
26760
26785
26800
26809
26817
26821
26827
26829
26834
26836
26847
26852
26861
26890
26908
26922
26935
26937
26938
26950
26953
26957
26959
26963
26970
26973
26977
26978
26981
26985
26996
27007
27018
27023
27055
27064
27082
27112
27116
27117
27136
27140
27141
27145
27158
27164
27173
27174
27176
27177
27178
27184
27187
27192
27195
27196
27197
27207
27214
27217
27230
27271
27288
27290
27334
27356
27394
27399
27419
27444
27445
27453
27465
27472
27482
27496
27512
27516
27525
27526
27531
27534
27541
27543
27553
27557
27578
27581
27598
27611
27621
27623
27625
27638
27652
27674
27684
27699
27704
27713
27725
27727
27739
27750
27753
27758
27771
27777
27783
27790
27812
27821
27824
27830
27834
27853
27875
27878
27888
27902
27909
27917
27920
27930
27954
27961
27967
27976
27982
27986
27996
28016
28029
28030
28031
28056
28066
28070
28122
28134
28146
28161
28166
28175
28188
28191
28197
28204
28207
28216
28225
28229
28237
28243
28261
28270
28280
28298
28303
28320
28321
28339
28348
28349
28399
28402
28404
28407
28417
28440
28456
28464
28472
28482
28503
28520
28522
28551
28557
28575
28581
28586
28587
28598
28604
28613
28618
28620
28623
28628
28629
28635
28637
28655
28665
28668
28695
28697
28707
28719
28721
28724
28727
28730
28741
28746
28763
28771
28785
28791
28816
28820
28831
28835
28848
28852
28880
28886
28888
28906
28913
28919
28924
28930
28931
28934
28939
28940
28942
28948
28949
28950
28951
28964
28968
28973
28980
28982
28983
28992
29005
29006
29009
29035
29053
29076
29077
29080
29084
29087
29105
29107
29109
29112
29119
29127
29131
29140
29162
29176
29178
29195
29211
29218
29226
29229
29230
29271
29278
29290
29295
29296
29309
29310
29311
29316
29329
29333
29345
29348
29359
29372
29388
29392
29393
29394
29412
29414
29418
29424
29435
29447
29458
29459
29467
29475
29484
29485
29494
29501
29506
29507
29524
29531
29533
29535
29538
29547
29551
29555
29569
29578
29580
29581
29594
29622
29629
29633
29647
29648
29654
29685
29687
29695
29704
29723
29727
29731
29740
29746
29749
29756
29773
29775
29776
29780
29791
29796
29797
29814
29822
29829
29835
29855
29870
29879
29890
29896
29901
29903
29907
29910
29914
29923
29940
29945
29949
29951
29962
29977
29981
30007
30011
30027
30031
30033
30040
30042
30057
30060
30082
30085
30092
30098
30101
30115
30123
30149
30161
30171
30174
30180
30182
30188
30196
30200
30201
30202
30233
30251
30265
30266
30270
30282
30287
30289
30291
30292
30305
30306
30308
30325
30330
30354
30360
30366
30397
30399
30407
30419
30424
30425
30441
30445
30450
30452
30459
30461
30477
30493
30502
30525
30530
30532
30541
30550
30559
30564
30567
30569
30578
30579
30586
30592
30595
30597
30601
30603
30605
30606
30614
30620
30631
30634
30635
30651
30652
30653
30663
30679
30682
30685
30697
30699
30708
30711
30728
30732
30740
30743
30746
30763
30764
30765
30769
30775
30784
30786
30802
30806
30809
30816
30817
30822
30823
30831
30847
30871
30876
30879
30881
30887
30899
30902
30915
30917
30942
30954
30980
30986
30992
30995
30999
31012
31013
31014
31016
31017
31020
31022
31025
31032
31034
31040
31056
31066
31079
31084
31101
31103
31107
31109
31121
31139
31146
31147
31161
31162
31174
31180
31181
31186
31220
31225
31230
31237
31240
31242
31243
31246
31255
31258
31265
31275
31285
31326
31337
31343
31354
31370
31375
31380
31400
31407
31410
31417
31419
31457
31458
31464
31480
31511
31522
31541
31551
31553
31557
31558
31559
31568
31570
31583
31591
31596
31602
31604
31606
31607
31612
31616
31651
31654
31655
31656
31658
31662
31668
31675
31677
31681
31698
31728
31753
31762
31770
31786
31789
31796
31812
31829
31833
31843
31849
31857
31858
31876
31901
31908
31919
31925
31931
31938
31951
31991
31993
32002
32012
32021
32026
32032
32033
32044
32045
32048
32057
32062
32068
32070
32074
32084
32091
32094
32096
32098
32104
32119
32120
32129
32137
32138
32145
32148
32154
32161
32164
32168
32170
32171
32192
32195
32198
32201
32211
32216
32223
32227
32243
32269
32276
32278
32289
32295
32312
32328
32338
32340
32343
32365
32367
32370
32390
32395
32401
32403
32408
32420
32424
32425
32430
32444
32453
32486
32494
32517
32518
32524
32577
32585
32594
32617
32618
32642
32648
32650
32661
32665
32670
32673
32674
32707
32710
32713
32737
32756
32789
32841
32842
32844
32857
32863
32864
32866
32882
32883
32884
32905
32916
32918
32925
32929
32941
32953
32961
32965
32968
32970
32974
32975
32977
32998
33005
33010
33033
33039
33041
33048
33062
33070
33078
33080
33086
33088
33102
33112
33117
33119
33122
33125
33128
33133
33137
33139
33142
33146
33151
33153
33157
33158
33163
33164
33168
33169
33178
33200
33201
33205
33208
33214
33242
33262
33267
33278
33284
33305
33313
33318
33328
33332
33342
33345
33346
33352
33366
33377
33389
33390
33393
33430
33431
33435
33443
33484
33488
33510
33517
33534
33543
33545
33547
33548
33582
33584
33586
33589
33593
33595
33596
33600
33605
33612
33615
33616
33628
33648
33649
33651
33658
33670
33671
33673
33689
33706
33729
33731
33738
33741
33766
33773
33780
33784
33797
33805
33806
33810
33822
33830
33835
33836
33839
33845
33878
33890
33900
33901
33906
33913
33926
33929
33939
33957
33960
33961
33976
34008
34031
34033
34044
34050
34087
34088
34095
34106
34111
34123
34124
34125
34126
34135
34142
34144
34150
34153
34157
34159
34174
34191
34197
34198
34203
34204
34207
34208
34214
34237
34242
34256
34264
34280
34291
34310
34353
34358
34366
34382
34394
34396
34397
34398
34399
34401
34418
34426
34430
34432
34437
34446
34459
34463
34466
34467
34471
34477
34478
34493
34503
34511
34548
34549
34559
34563
34564
34565
34580
34588
34606
34622
34634
34641
34645
34647
34674
34681
34719
34720
34731
34742
34747
34754
34769
34771
34775
34781
34786
34792
34796
34804
34819
34823
34832
34835
34840
34860
34864
34876
34906
34910
34918
34922
34927
34932
34937
34938
34941
34967
34979
34996
35002
35012
35020
35029
35035
35038
35044
35056
35059
35065
35079
35097
35113
35120
35122
35129
35130
35141
35152
35166
35167
35177
35179
35197
35199
35205
35206
35215
35222
35225
35229
35248
35253
35259
35315
35327
35331
35336
35342
35357
35361
35365
35368
35384
35400
35408
35409
35412
35416
35423
35425
35445
35453
35461
35464
35480
35492
35494
35496
35505
35514
35522
35524
35534
35540
35550
35566
35569
35575
35598
35608
35622
35624
35632
35642
35643
35645
35654
35676
35685
35707
35721
35734
35747
35758
35763
35767
35777
35783
35787
35792
35795
35801
35804
35811
35815
35819
35835
35837
35838
35842
35865
35878
35889
35911
35918
35927
35934
35946
35950
35955
35960
35962
35969
35983
36014
36016
36042
36061
36063
36064
36083
36103
36115
36127
36139
36144
36148
36167
36176
36224
36229
36243
36255
36260
36265
36268
36271
36280
36312
36322
36327
36337
36350
36358
36375
36377
36390
36393
36396
36399
36401
36404
36412
36424
36428
36429
36430
36436
36457
36462
36469
36475
36480
36481
36482
36494
36497
36522
36525
36527
36533
36537
36555
36557
36565
36567
36585
36589
36596
36598
36602
36618
36633
36635
36637
36650
36665
36667
36676
36683
36687
36688
36703
36705
36717
36725
36738
36762
36763
36780
36785
36813
36826
36831
36838
36845
36850
36856
36865
36874
36895
36913
36915
36919
36929
36937
36950
36964
36965
36966
36973
36975
36976
36979
36984
36987
36991
36992
36993
37013
37014
37021
37027
37031
37034
37037
37051
37067
37071
37077
37082
37087
37098
37100
37103
37107
37110
37115
37126
37127
37129
37133
37148
37149
37154
37156
37164
37178
37194
37195
37206
37222
37230
37238
37250
37252
37259
37268
37273
37278
37281
37291
37317
37332
37338
37353
37368
37402
37414
37418
37428
37438
37452
37470
37472
37473
37497
37502
37517
37545
37558
37564
37577
37590
37593
37596
37607
37612
37615
37646
37647
37652
37654
37657
37687
37706
37714
37716
37725
37733
37757
37771
37781
37791
37810
37825
37826
37833
37843
37845
37864
37876
37886
37889
37892
37896
37913
37927
37930
37937
37950
37956
37965
37982
37989
37996
37997
38016
38036
38044
38046
38062
38065
38069
38071
38085
38099
38102
38103
38119
38121
38124
38128
38130
38137
38138
38143
38153
38163
38184
38187
38196
38202
38209
38215
38217
38237
38238
38241
38260
38267
38279
38295
38301
38302
38306
38315
38337
38346
38347
38360
38371
38388
38399
38400
38424
38426
38437
38451
38458
38465
38467
38469
38479
38483
38484
38491
38502
38503
38508
38525
38533
38550
38552
38605
38622
38629
38631
38635
38641
38647
38655
38663
38671
38672
38674
38689
38690
38694
38705
38721
38738
38741
38744
38752
38753
38771
38777
38779
38793
38804
38813
38825
38826
38830
38837
38874
38895
38902
38919
38921
38951
38953
38978
38983
38988
38991
38992
39001
39011
39012
39023
39032
39039
39057
39078
39089
39095
39097
39109
39110
39142
39161
39191
39223
39230
39234
39240
39242
39252
39255
39257
39260
39280
39295
39303
39309
39319
39325
39353
39364
39366
39369
39387
39388
39404
39407
39422
39429
39433
39445
39449
39473
39474
39484
39495
39516
39517
39523
39526
39534
39553
39559
39560
39569
39586
39597
39619
39622
39632
39638
39643
39653
39656
39658
39664
39666
39675
39689
39695
39705
39737
39739
39764
39772
39775
39781
39783
39786
39790
39799
39802
39811
39843
39850
39865
39872
39877
39889
39915
39920
39924
39927
39931
39963
39976
39983
39989
40015
40016
40024
40042
40050
40055
40068
40076
40087
40097
40106
40120
40123
40126
40140
40141
40142
40151
40160
40167
40169
40180
40189
40191
40196
40212
40219
40232
40236
40238
40249
40254
40266
40276
40287
40290
40294
40295
40296
40306
40314
40317
40319
40332
40335
40337
40349
40356
40370
40386
40393
40400
40401
40402
40403
40411
40418
40424
40446
40462
40465
40475
40481
40490
40498
40500
40503
40510
40511
40537
40546
40554
40568
40570
40576
40586
40594
40610
40622
40635
40641
40644
40645
40658
40659
40676
40677
40678
40685
40702
40715
40721
40723
40724
40726
40732
40741
40743
40753
40762
40766
40775
40778
40779
40787
40799
40813
40826
40842
40850
40851
40852
40862
40877
40902
40918
40932
40941
40942
40945
40946
40982
40983
41001
41008
41018
41019
41020
41025
41028
41039
41045
41061
41064
41075
41085
41116
41143
41152
41156
41158
41173
41174
41198
41203
41204
41226
41227
41230
41233
41242
41259
41291
41298
41317
41319
41331
41349
41359
41372
41375
41376
41378
41388
41391
41395
41396
41397
41405
41413
41415
41416
41438
41442
41444
41466
41487
41488
41494
41497
41504
41509
41517
41540
41542
41547
41575
41578
41580
41593
41610
41630
41634
41647
41674
41703
41715
41720
41723
41731
41732
41735
41737
41741
41744
41747
41763
41816
41833
41848
41853
41855
41865
41885
41888
41893
41902
41922
41928
41930
41933
41934
41941
41945
41946
41949
41956
41965
41974
41980
41993
42008
42019
42023
42024
42039
42047
42056
42058
42062
42066
42069
42073
42075
42080
42098
42104
42112
42114
42138
42144
42166
42185
42207
42213
42230
42236
42254
42257
42264
42269
42273
42278
42280
42289
42299
42303
42323
42328
42341
42344
42345
42348
42351
42356
42369
42374
42375
42384
42388
42394
42396
42405
42410
42433
42436
42471
42476
42479
42487
42493
42500
42507
42513
42518
42524
42538
42540
42541
42545
42562
42568
42571
42578
42579
42591
42597
42662
42675
42677
42690
42695
42727
42744
42755
42756
42757
42762
42767
42773
42785
42786
42808
42825
42831
42841
42855
42865
42908
42911
42912
42913
42926
42937
42942
42967
42977
42979
43026
43028
43056
43057
43074
43077
43092
43100
43103
43105
43107
43115
43117
43122
43123
43130
43137
43139
43163
43166
43177
43184
43186
43188
43208
43216
43233
43240
43244
43258
43263
43282
43297
43299
43306
43319
43326
43339
43341
43346
43357
43362
43374
43376
43390
43413
43418
43430
43440
43443
43455
43473
43476
43477
43481
43487
43488
43496
43498
43499
43528
43529
43549
43552
43554
43564
43572
43573
43582
43587
43590
43600
43611
43630
43649
43662
43665
43667
43680
43692
43694
43697
43703
43712
43718
43719
43721
43728
43734
43740
43742
43764
43767
43772
43780
43789
43793
43794
43806
43807
43810
43815
43820
43826
43827
43829
43834
43849
43861
43870
43886
43889
43897
43907
43911
43915
43927
43930
43943
43945
43947
43949
43962
43979
43983
43990
43993
44003
44004
44009
44014
44030
44031
44039
44049
44051
44070
44088
44117
44122
44129
44145
44149
44152
44184
44198
44203
44208
44212
44214
44221
44234
44247
44250
44268
44277
44288
44289
44292
44294
44304
44307
44312
44321
44353
44363
44365
44382
44391
44392
44411
44413
44421
44448
44456
44458
44477
44478
44480
44481
44495
44510
44519
44538
44540
44544
44546
44556
44566
44572
44578
44585
44594
44600
44607
44608
44614
44617
44625
44630
44645
44646
44663
44664
44692
44696
44730
44734
44739
44760
44764
44767
44774
44775
44776
44778
44779
44780
44781
44785
44789
44791
44803
44809
44823
44841
44881
44883
44893
44911
44926
44930
44932
44938
44939
44955
44959
44963
44969
44984
44995
44996
45004
45015
45016
45017
45021
45067
45070
45071
45085
45097
45116
45125
45131
45139
45155
45176
45194
45198
45202
45219
45229
45240
45242
45258
45264
45276
45284
45291
45304
45309
45319
45324
45358
45369
45391
45395
45428
45440
45466
45473
45487
45488
45493
45496
45508
45521
45526
45531
45534
45547
45563
45572
45575
45586
45589
45601
45602
45616
45627
45634
45655
45677
45683
45686
45705
45713
45715
45720
45724
45727
45746
45750
45759
45760
45762
45763
45764
45767
45776
45787
45800
45814
45819
45828
45845
45857
45869
45879
45897
45898
45908
45916
45918
45929
45935
45941
45950
45957
45976
45977
45988
45996
45998
45999
46001
46004
46006
46026
46034
46053
46056
46060
46063
46070
46074
46078
46082
46090
46098
46108
46120
46126
46132
46135
46136
46141
46148
46152
46155
46166
46172
46189
46194
46198
46217
46234
46236
46244
46251
46263
46264
46268
46284
46287
46291
46300
46324
46331
46346
46348
46360
46363
46368
46376
46377
46380
46403
46420
46422
46427
46443
46445
46450
46457
46458
46466
46471
46472
46475
46481
46489
46504
46508
46516
46518
46521
46525
46527
46528
46546
46555
46559
46564
46580
46591
46610
46614
46618
46654
46669
46674
46683
46692
46696
46707
46716
46725
46733
46739
46740
46743
46758
46765
46767
46772
46773
46777
46779
46790
46797
46801
46802
46804
46836
46838
46845
46855
46880
46881
46888
46891
46893
46894
46913
46916
46920
46933
46958
46960
46964
46996
47007
47017
47019
47022
47031
47043
47053
47054
47055
47067
47069
47073
47089
47090
47094
47117
47140
47154
47155
47161
47169
47173
47175
47189
47197
47203
47206
47211
47213
47217
47224
47227
47228
47230
47231
47239
47244
47257
47265
47279
47290
47306
47309
47323
47329
47330
47333
47335
47338
47343
47361
47383
47409
47412
47425
47436
47438
47447
47455
47459
47467
47469
47489
47498
47499
47500
47503
47504
47507
47510
47514
47519
47523
47546
47550
47555
47557
47558
47561
47567
47579
47595
47600
47626
47652
47654
47665
47699
47715
47725
47767
47773
47786
47795
47798
47800
47807
47815
47823
47824
47830
47835
47842
47854
47860
47861
47863
47867
47870
47884
47898
47907
47909
47910
47928
47929
47947
47948
47949
47996
48008
48014
48016
48025
48035
48048
48083
48085
48086
48093
48099
48112
48116
48130
48137
48138
48143
48144
48149
48160
48165
48171
48173
48180
48187
48196
48202
48204
48212
48227
48241
48248
48257
48281
48291
48293
48300
48303
48305
48310
48330
48333
48338
48340
48343
48371
48372
48383
48386
48387
48388
48406
48408
48411
48415
48416
48418
48423
48427
48446
48451
48471
48492
48493
48500
48533
48534
48548
48565
48602
48610
48612
48620
48630
48633
48641
48647
48652
48662
48673
48675
48707
48708
48715
48742
48743
48747
48758
48765
48772
48799
48805
48814
48852
48854
48856
48857
48861
48870
48871
48878
48885
48891
48914
48917
48920
48932
48935
48937
48941
48947
48948
48966
48989
49000
49005
49006
49008
49010
49019
49039
49050
49055
49077
49089
49104
49121
49124
49139
49143
49153
49156
49159
49171
49174
49191
49192
49200
49219
49220
49230
49233
49240
49241
49244
49251
49258
49265
49274
49279
49301
49302
49304
49308
49323
49334
49345
49356
49357
49366
49372
49373
49374
49376
49378
49380
49384
49389
49392
49396
49414
49415
49430
49451
49453
49463
49470
49477
49479
49490
49497
49499
49502
49503
49516
49539
49542
49558
49560
49562
49579
49587
49596
49611
49614
49616
49626
49628
49634
49639
49641
49649
49650
49654
49681
49689
49692
49696
49702
49705
49710
49714
49722
49723
49726
49743
49747
49751
49754
49768
49769
49794
49821
49829
49830
49840
49857
49865
49869
49872
49885
49892
49904
49906
49907
49909
49911
49913
49956
49958
49969
49972
49974
49985
49989
49990
49993
49999
50001
50005
50008
50011
50017
50020
50038
50039
50055
50059
50065
50066
50070
50084
50088
50091
50096
50102
50109
50120
50129
50132
50149
50163
50171
50175
50180
50197
50211
50214
50222
50224
50228
50235
50237
50246
50256
50258
50261
50281
50282
50284
50304
50307
50314
50319
50323
50355
50360
50368
50378
50387
50400
50411
50422
50428
50429
50454
50464
50477
50486
50500
50502
50523
50529
50548
50580
50581
50583
50595
50597
50605
50607
50621
50626
50627
50630
50631
50638
50641
50648
50657
50659
50661
50665
50671
50683
50685
50690
50691
50695
50703
50708
50729
50747
50749
50752
50766
50767
50774
50776
50791
50798
50814
50817
50818
50819
50820
50821
50825
50829
50844
50863
50875
50884
50888
50890
50896
50898
50912
50920
50923
50951
50963
50972
50985
50992
50996
51006
51014
51029
51042
51050
51051
51060
51064
51067
51080
51083
51091
51093
51111
51122
51133
51138
51158
51163
51165
51168
51171
51179
51182
51214
51218
51223
51252
51268
51283
51290
51291
51296
51298
51321
51324
51339
51346
51353
51358
51362
51375
51388
51389
51394
51406
51408
51419
51422
51426
51435
51438
51445
51447
51453
51466
51482
51503
51506
51511
51514
51519
51524
51535
51536
51540
51542
51562
51568
51571
51578
51582
51586
51598
51603
51606
51609
51615
51628
51633
51637
51642
51650
51657
51666
51671
51682
51688
51699
51702
51707
51710
51714
51723
51737
51740
51744
51748
51759
51762
51769
51776
51787
51792
51798
51800
51802
51811
51814
51819
51839
51848
51867
51873
51874
51881
51883
51890
51894
51906
51908
51924
51948
51958
51991
52061
52066
52067
52068
52072
52082
52096
52102
52109
52117
52127
52130
52132
52146
52163
52164
52178
52180
52181
52190
52202
52208
52210
52219
52221
52229
52254
52258
52264
52269
52272
52279
52300
52303
52318
52324
52330
52334
52338
52352
52356
52367
52376
52383
52385
52390
52397
52400
52403
52407
52414
52418
52432
52438
52454
52458
52459
52467
52475
52477
52481
52487
52498
52501
52515
52534
52536
52537
52544
52551
52553
52561
52567
52586
52595
52615
52616
52620
52621
52622
52651
52656
52661
52664
52669
52688
52704
52706
52737
52739
52743
52746
52755
52773
52789
52802
52811
52815
52816
52833
52835
52856
52881
52889
52905
52915
52916
52925
52937
52947
52962
52965
52969
52978
52994
53003
53005
53007
53016
53034
53064
53069
53088
53100
53101
53113
53133
53149
53155
53162
53163
53166
53170
53205
53223
53257
53264
53279
53311
53312
53322
53323
53336
53337
53349
53358
53360
53369
53371
53379
53380
53395
53396
53407
53415
53430
53433
53444
53446
53466
53473
53476
53479
53483
53501
53506
53511
53516
53522
53540
53547
53552
53566
53588
53589
53591
53599
53619
53620
53631
53648
53655
53687
53688
53694
53696
53707
53717
53748
53750
53754
53766
53784
53795
53805
53816
53831
53833
53835
53836
53839
53843
53888
53889
53896
53926
53937
53942
53946
53950
53962
53963
53968
53974
53978
53981
53984
53997
54015
54016
54020
54021
54040
54076
54078
54082
54103
54106
54113
54125
54137
54142
54144
54145
54146
54148
54153
54169
54171
54172
54186
54188
54203
54213
54216
54224
54235
54245
54250
54252
54267
54287
54298
54299
54304
54305
54314
54316
54330
54335
54341
54357
54359
54371
54381
54413
54415
54421
54435
54442
54448
54462
54475
54478
54485
54496
54497
54536
54539
54550
54559
54560
54566
54610
54621
54622
54626
54639
54648
54650
54651
54667
54710
54724
54726
54728
54732
54766
54771
54774
54778
54781
54784
54811
54813
54823
54825
54831
54832
54834
54839
54857
54868
54878
54881
54889
54891
54904
54919
54920
54923
54926
54927
54929
54932
54949
54961
54973
54978
54995
55008
55012
55025
55028
55030
55036
55059
55074
55077
55093
55097
55123
55131
55138
55141
55170
55171
55172
55180
55187
55195
55207
55216
55219
55227
55244
55246
55249
55251
55272
55274
55275
55280
55297
55304
55317
55319
55323
55355
55356
55379
55395
55397
55405
55408
55416
55422
55453
55455
55460
55464
55471
55486
55488
55491
55497
55510
55512
55527
55530
55538
55539
55546
55553
55565
55574
55579
55592
55606
55615
55617
55626
55632
55636
55637
55638
55645
55677
55686
55688
55690
55715
55724
55733
55736
55737
55742
55750
55759
55770
55794
55797
55805
55810
55827
55833
55840
55841
55843
55867
55868
55870
55876
55879
55901
55940
55961
55980
56010
56013
56017
56018
56031
56035
56048
56056
56057
56062
56069
56075
56076
56082
56088
56089
56092
56093
56095
56096
56102
56108
56110
56118
56121
56134
56136
56144
56146
56192
56196
56203
56207
56214
56271
56275
56300
56308
56311
56318
56320
56328
56329
56369
56370
56377
56378
56382
56384
56390
56391
56401
56432
56433
56436
56459
56462
56463
56464
56467
56485
56492
56506
56513
56520
56526
56548
56553
56567
56569
56575
56611
56639
56652
56653
56654
56663
56673
56677
56690
56695
56700
56704
56722
56725
56737
56742
56744
56748
56754
56759
56779
56782
56787
56790
56810
56816
56844
56871
56875
56877
56893
56900
56907
56912
56916
56922
56923
56924
56928
56930
56952
56955
56961
56965
56971
56972
56973
56976
57009
57011
57023
57028
57043
57054
57057
57079
57084
57093
57094
57104
57111
57114
57115
57133
57175
57190
57197
57207
57211
57218
57222
57223
57231
57234
57246
57249
57253
57256
57259
57268
57270
57271
57282
57285
57287
57295
57299
57319
57331
57333
57344
57345
57348
57373
57376
57380
57398
57407
57409
57427
57432
57436
57437
57451
57460
57465
57477
57478
57482
57483
57501
57520
57526
57527
57544
57547
57566
57567
57570
57572
57573
57576
57590
57594
57599
57600
57604
57611
57615
57624
57630
57647
57659
57661
57690
57705
57708
57709
57710
57717
57744
57748
57758
57761
57769
57771
57780
57783
57790
57792
57800
57811
57813
57818
57827
57838
57849
57850
57858
57886
57895
57904
57911
57937
57939
57949
57951
57952
57962
57970
57994
57999
58005
58011
58013
58021
58046
58052
58069
58073
58081
58082
58085
58089
58092
58095
58107
58116
58119
58124
58132
58134
58138
58141
58142
58145
58147
58157
58161
58162
58172
58178
58180
58184
58185
58191
58199
58208
58222
58228
58244
58252
58255
58261
58266
58267
58269
58279
58285
58294
58304
58316
58323
58324
58335
58340
58363
58383
58402
58415
58425
58432
58457
58463
58464
58466
58467
58480
58483
58486
58490
58495
58500
58507
58512
58514
58529
58532
58535
58536
58541
58543
58544
58546
58550
58551
58558
58561
58575
58576
58585
58587
58597
58598
58609
58614
58619
58642
58646
58660
58662
58674
58689
58705
58710
58734
58751
58754
58757
58775
58788
58791
58792
58811
58816
58818
58840
58846
58848
58856
58859
58873
58883
58889
58910
58916
58919
58922
58931
58941
58949
58960
58967
58968
58976
58980
58981
58987
58990
59025
59033
59035
59055
59062
59063
59064
59068
59096
59098
59102
59124
59135
59148
59168
59172
59173
59184
59194
59200
59222
59224
59226
59242
59256
59271
59291
59302
59305
59308
59320
59325
59328
59345
59362
59371
59373
59382
59384
59391
59404
59411
59416
59419
59423
59426
59434
59437
59440
59441
59464
59465
59467
59468
59474
59494
59506
59530
59535
59550
59552
59554
59564
59590
59593
59599
59600
59613
59627
59639
59645
59662
59673
59674
59676
59701
59709
59712
59723
59736
59799
59813
59816
59825
59831
59832
59840
59862
59881
59910
59912
59923
59928
59931
59932
59941
59954
59955
59956
59959
59967
59975
59978
59985
59988
59989
59998
60005
60010
60012
60049
60064
60082
60093
60098
60101
60102
60117
60118
60124
60157
60158
60160
60165
60175
60193
60194
60216
60219
60245
60262
60270
60287
60297
60303
60307
60318
60322
60329
60336
60341
60350
60364
60379
60392
60399
60412
60429
60432
60457
60459
60464
60470
60472
60487
60490
60491
60494
60501
60506
60507
60514
60515
60520
60524
60560
60561
60573
60588
60600
60615
60622
60623
60627
60630
60633
60650
60652
60654
60676
60681
60714
60717
60735
60737
60738
60760
60766
60774
60780
60784
60804
60821
60825
60827
60847
60857
60858
60862
60864
60865
60868
60871
60876
60884
60900
60939
60943
60953
60958
60961
60966
60975
60978
60999
61000
61002
61005
61012
61020
61021
61029
61035
61040
61050
61066
61086
61088
61097
61100
61101
61114
61120
61132
61137
61138
61154
61155
61156
61176
61184
61188
61190
61195
61198
61202
61221
61230
61235
61239
61250
61272
61295
61302
61304
61312
61320
61333
61341
61349
61351
61365
61368
61371
61386
61388
61394
61396
61406
61410
61412
61417
61418
61420
61423
61431
61438
61448
61455
61464
61489
61491
61493
61500
61506
61520
61522
61528
61557
61559
61561
61570
61571
61580
61585
61595
61599
61610
61612
61613
61618
61639
61646
61658
61675
61678
61680
61683
61694
61696
61708
61715
61724
61725
61727
61740
61755
61763
61764
61766
61769
61775
61784
61790
61799
61813
61814
61819
61838
61840
61844
61853
61868
61869
61876
61878
61883
61884
61886
61894
61920
61935
61938
61939
61946
61979
62007
62010
62032
62047
62070
62076
62079
62084
62086
62087
62094
62099
62115
62118
62131
62134
62138
62160
62165
62166
62178
62221
62233
62256
62273
62285
62287
62297
62307
62309
62316
62317
62327
62338
62352
62362
62367
62374
62392
62405
62409
62419
62424
62436
62440
62445
62481
62483
62491
62492
62499
62521
62531
62542
62544
62545
62549
62552
62577
62590
62603
62626
62637
62641
62652
62659
62660
62661
62673
62701
62737
62751
62760
62764
62773
62784
62786
62795
62804
62805
62808
62813
62816
62818
62825
62835
62841
62845
62853
62858
62866
62872
62887
62895
62896
62897
62912
62915
62920
62923
62928
62929
62943
62949
62950
62959
62976
62993
62994
63006
63017
63023
63031
63032
63036
63058
63080
63081
63083
63097
63105
63115
63118
63120
63129
63135
63136
63141
63163
63164
63176
63181
63182
63193
63202
63212
63214
63219
63225
63251
63270
63274
63279
63281
63287
63288
63296
63303
63309
63315
63320
63332
63340
63350
63356
63397
63405
63409
63420
63424
63440
63452
63454
63456
63464
63467
63468
63480
63500
63511
63516
63536
63545
63548
63554
63559
63565
63567
63568
63571
63579
63582
63601
63617
63618
63642
63650
63661
63681
63682
63685
63690
63692
63695
63709
63724
63731
63740
63749
63785
63786
63793
63805
63826
63846
63848
63850
63856
63878
63896
63897
63916
63917
63924
63926
63936
63941
63957
63963
63977
63983
63984
63985
63988
64016
64028
64030
64036
64038
64054
64064
64070
64083
64089
64123
64134
64135
64136
64143
64145
64154
64160
64163
64178
64179
64192
64195
64196
64201
64202
64206
64207
64211
64226
64230
64234
64235
64247
64248
64253
64255
64268
64273
64274
64278
64307
64310
64315
64325
64334
64337
64352
64361
64376
64378
64393
64434
64441
64459
64460
64465
64477
64485
64504
64514
64529
64571
64573
64583
64586
64597
64601
64605
64607
64618
64620
64627
64629
64631
64638
64663
64664
64670
64689
64697
64719
64727
64729
64742
64745
64757
64758
64780
64786
64796
64797
64816
64833
64860
64863
64868
64870
64875
64876
64880
64885
64888
64898
64899
64913
64946
64973
64975
64977
64978
64979
64980
64991
65002
65008
65022
65029
65037
65038
65062
65066
65083
65088
65091
65092
65096
65109
65116
65118
65141
65149
65156
65163
65202
65211
65216
65217
65219
65223
65230
65239
65275
65287
65288
65290
65292
65296
65309
65316
65325
65326
65328
65335
65339
65346
65363
65369
65375
65376
65387
65413
65428
65449
65473
65477
65483
65491
65492
65501
65504
65515
65520
65532
65535
65541
65542
65555
65557
65576
65578
65583
65596
65599
65608
65614
65618
65627
65655
65658
65679
65692
65693
65701
65707
65708
65714
65721
65729
65745
65761
65764
65766
65775
65798
65802
65809
65828
65829
65833
65838
65849
65852
65858
65861
65866
65868
65871
65890
65893
65894
65895
65900
65920
65923
65927
65929
65946
65948
65954
65973
65974
65995
65999
66005
66014
66024
66031
66042
66045
66052
66057
66059
66067
66069
66072
66079
66095
66096
66098
66112
66113
66123
66126
66137
66155
66166
66171
66182
66188
66197
66212
66220
66233
66238
66239
66244
66253
66254
66261
66269
66272
66275
66288
66295
66297
66302
66306
66325
66327
66341
66353
66354
66360
66370
66382
66407
66411
66415
66427
66443
66457
66461
66463
66476
66490
66497
66499
66506
66507
66524
66540
66544
66561
66565
66569
66572
66581
66593
66596
66597
66605
66608
66614
66618
66633
66634
66644
66647
66665
66666
66669
66672
66687
66688
66692
66695
66705
66706
66720
66736
66742
66750
66762
66767
66774
66775
66782
66788
66789
66807
66811
66858
66859
66861
66866
66910
66911
66921
66922
66924
66944
66955
66959
66973
66976
67018
67020
67028
67033
67042
67044
67047
67057
67075
67079
67087
67111
67138
67143
67145
67148
67150
67156
67161
67167
67172
67173
67175
67186
67190
67206
67216
67220
67238
67241
67264
67265
67279
67285
67288
67295
67301
67305
67309
67314
67315
67327
67331
67339
67348
67374
67379
67382
67386
67387
67421
67426
67439
67440
67444
67446
67451
67455
67488
67491
67497
67516
67518
67527
67529
67552
67556
67558
67571
67579
67592
67599
67606
67625
67633
67639
67643
67646
67649
67653
67654
67659
67705
67707
67710
67712
67719
67730
67738
67755
67760
67764
67772
67776
67782
67783
67798
67805
67823
67854
67855
67860
67861
67864
67867
67869
67881
67883
67895
67900
67906
67911
67912
67921
67922
67940
67949
67954
67959
67963
67965
67972
67983
67988
68006
68008
68009
68015
68019
68028
68032
68043
68059
68062
68081
68082
68086
68101
68110
68124
68126
68132
68133
68137
68148
68163
68164
68182
68187
68217
68219
68243
68251
68253
68255
68260
68267
68279
68282
68289
68293
68305
68306
68310
68313
68314
68323
68324
68344
68353
68369
68387
68396
68397
68413
68425
68435
68448
68449
68452
68474
68499
68504
68511
68515
68519
68521
68523
68527
68528
68533
68547
68549
68551
68563
68565
68571
68580
68588
68590
68592
68603
68610
68618
68623
68628
68632
68659
68664
68677
68688
68704
68725
68728
68734
68736
68757
68777
68780
68783
68784
68808
68815
68821
68845
68858
68877
68884
68888
68890
68891
68896
68900
68913
68923
68936
68946
68954
68960
68966
68967
68980
68989
68991
69019
69025
69029
69068
69075
69081
69088
69090
69100
69102
69118
69135
69140
69142
69150
69161
69171
69189
69192
69200
69206
69225
69227
69229
69233
69234
69238
69248
69263
69269
69274
69281
69289
69320
69321
69326
69327
69337
69355
69361
69374
69381
69383
69389
69395
69414
69416
69420
69421
69425
69435
69445
69458
69460
69464
69476
69477
69478
69482
69496
69498
69502
69505
69508
69512
69518
69519
69528
69532
69550
69559
69561
69564
69601
69605
69606
69618
69628
69631
69633
69641
69650
69656
69660
69661
69663
69666
69675
69677
69678
69679
69712
69738
69739
69741
69745
69748
69750
69755
69764
69771
69775
69779
69781
69788
69792
69793
69799
69802
69807
69808
69815
69822
69826
69833
69845
69848
69857
69859
69864
69872
69890
69893
69909
69910
69924
69927
69935
69945
69948
69977
69993
70004
70015
70019
70022
70025
70030
70032
70049
70061
70067
70069
70081
70091
70106
70107
70115
70131
70136
70140
70143
70146
70182
70215
70221
70225
70235
70248
70266
70280
70298
70300
70311
70317
70323
70335
70348
70349
70352
70359
70371
70375
70392
70406
70423
70447
70475
70487
70494
70503
70505
70518
70530
70537
70539
70556
70568
70573
70577
70578
70590
70593
70639
70660
70666
70688
70721
70723
70757
70777
70778
70781
70784
70797
70798
70807
70808
70813
70831
70839
70843
70845
70855
70897
70924
70943
70947
70950
70956
70960
70961
70962
70982
70983
70998
71015
71020
71041
71056
71057
71065
71092
71105
71106
71115
71123
71124
71132
71134
71151
71155
71161
71180
71187
71195
71226
71239
71245
71250
71253
71256
71265
71286
71291
71312
71316
71317
71327
71334
71343
71364
71372
71374
71387
71389
71405
71411
71429
71440
71447
71462
71487
71499
71507
71516
71517
71518
71523
71530
71533
71538
71541
71543
71552
71563
71572
71584
71602
71611
71617
71621
71636
71646
71658
71659
71662
71673
71678
71685
71694
71699
71709
71718
71720
71730
71731
71737
71743
71751
71765
71768
71770
71793
71797
71806
71815
71828
71831
71833
71836
71851
71864
71870
71891
71895
71896
71898
71906
71914
71936
71954
71962
71964
71967
71976
72000
72002
72005
72011
72018
72022
72030
72072
72087
72096
72104
72105
72112
72130
72131
72151
72153
72154
72163
72171
72174
72175
72184
72187
72192
72194
72200
72203
72207
72209
72215
72222
72243
72262
72271
72296
72301
72302
72321
72349
72350
72355
72356
72371
72375
72389
72398
72403
72406
72422
72425
72438
72453
72472
72475
72487
72491
72500
72507
72508
72520
72525
72542
72566
72567
72583
72586
72590
72599
72605
72615
72629
72632
72634
72641
72647
72664
72683
72689
72692
72699
72716
72724
72729
72730
72732
72742
72757
72761
72771
72776
72789
72801
72825
72827
72836
72851
72876
72886
72899
72914
72920
72936
72938
72940
72947
72955
72962
72967
72968
72977
72994
73013
73017
73019
73039
73046
73051
73083
73084
73092
73123
73132
73141
73149
73158
73177
73190
73192
73202
73215
73222
73226
73233
73242
73244
73283
73286
73287
73297
73302
73359
73385
73387
73388
73398
73405
73407
73423
73433
73435
73448
73450
73454
73467
73481
73499
73502
73503
73529
73539
73549
73561
73566
73572
73594
73604
73608
73615
73618
73619
73626
73633
73637
73655
73666
73670
73683
73689
73697
73698
73701
73727
73747
73758
73760
73765
73787
73803
73809
73815
73820
73823
73829
73838
73844
73851
73855
73857
73864
73876
73897
73899
73901
73907
73910
73925
73933
73949
73952
73961
73984
73985
74023
74031
74032
74040
74041
74061
74071
74079
74085
74102
74110
74112
74114
74128
74134
74146
74148
74154
74156
74163
74164
74184
74187
74200
74213
74215
74229
74236
74271
74273
74275
74301
74309
74314
74317
74322
74326
74338
74342
74353
74373
74376
74400
74404
74408
74426
74427
74434
74438
74441
74450
74465
74470
74477
74479
74483
74490
74505
74531
74535
74541
74545
74550
74558
74560
74562
74586
74601
74620
74623
74628
74632
74637
74667
74679
74691
74706
74710
74725
74739
74740
74759
74771
74777
74781
74807
74815
74820
74825
74839
74868
74869
74880
74881
74884
74890
74903
74906
74916
74937
74966
74972
74975
74982
74984
74991
74994
75001
75024
75028
75045
75049
75075
75076
75095
75102
75108
75112
75114
75122
75124
75147
75171
75176
75178
75179
75181
75188
75190
75192
75196
75218
75225
75227
75236
75241
75254
75265
75266
75269
75288
75297
75308
75309
75333
75336
75339
75348
75355
75363
75379
75389
75398
75402
75403
75416
75430
75431
75434
75437
75457
75460
75465
75483
75498
75503
75507
75510
75522
75529
75532
75547
75567
75570
75577
75579
75583
75606
75615
75654
75659
75661
75664
75669
75672
75678
75691
75703
75710
75723
75729
75766
75771
75775
75787
75795
75812
75817
75818
75821
75823
75826
75830
75840
75857
75859
75861
75872
75875
75883
75884
75897
75905
75906
75907
75909
75916
75937
75938
75949
75954
75955
75960
75965
75979
75983
75987
75991
75995
76004
76009
76018
76022
76044
76065
76068
76079
76097
76102
76105
76108
76109
76127
76130
76133
76145
76176
76184
76194
76199
76202
76216
76222
76223
76249
76255
76262
76271
76281
76284
76286
76301
76310
76313
76315
76363
76366
76375
76383
76404
76412
76436
76439
76441
76461
76479
76488
76516
76518
76523
76526
76541
76571
76593
76603
76613
76619
76637
76638
76643
76656
76661
76674
76685
76696
76700
76718
76729
76741
76743
76757
76760
76768
76792
76797
76800
76801
76802
76804
76829
76844
76846
76852
76854
76863
76865
76868
76874
76880
76882
76888
76899
76901
76905
76913
76915
76917
76932
76933
76944
76945
76952
76955
76957
76960
76961
76976
76980
76987
77000
77003
77004
77027
77041
77072
77079
77080
77081
77090
77091
77095
77124
77146
77148
77152
77169
77175
77177
77186
77188
77216
77224
77232
77235
77237
77259
77279
77308
77313
77317
77319
77341
77344
77352
77367
77373
77381
77387
77389
77393
77395
77410
77418
77429
77431
77478
77481
77511
77515
77539
77541
77557
77559
77560
77566
77567
77568
77569
77582
77600
77602
77635
77647
77650
77651
77653
77659
77669
77672
77676
77689
77702
77711
77718
77733
77746
77751
77755
77758
77775
77780
77795
77799
77805
77821
77830
77834
77835
77840
77874
77875
77877
77896
77912
77917
77935
77948
77961
77970
78004
78007
78032
78049
78078
78080
78107
78110
78112
78114
78120
78127
78128
78137
78140
78153
78154
78161
78189
78197
78203
78217
78221
78229
78232
78236
78251
78253
78260
78268
78291
78314
78319
78320
78349
78350
78355
78359
78367
78370
78381
78393
78396
78414
78425
78447
78448
78450
78452
78465
78475
78483
78487
78489
78499
78502
78516
78526
78539
78557
78574
78578
78598
78613
78620
78625
78627
78629
78639
78644
78649
78653
78668
78669
78688
78700
78721
78727
78734
78743
78744
78748
78775
78781
78782
78786
78809
78820
78842
78843
78855
78863
78873
78874
78881
78888
78892
78900
78912
78917
78934
78939
78942
78944
78948
78949
78952
78958
78963
78965
78966
78975
78978
78992
78995
79002
79008
79017
79021
79024
79026
79028
79032
79039
79062
79065
79067
79088
79092
79104
79109
79114
79119
79137
79154
79160
79164
79179
79187
79196
79202
79205
79232
79246
79261
79262
79274
79279
79283
79288
79290
79295
79301
79307
79312
79314
79316
79320
79340
79342
79361
79376
79379
79381
79391
79392
79396
79397
79402
79417
79418
79424
79460
79466
79476
79485
79496
79504
79508
79514
79529
79539
79553
79556
79569
79586
79594
79607
79625
79628
79633
79637
79641
79654
79663
79675
79676
79678
79683
79692
79694
79699
79707
79720
79721
79729
79732
79737
79745
79746
79748
79763
79766
79767
79779
79784
79821
79826
79833
79840
79850
79856
79871
79883
79884
79895
79901
79934
79940
79957
79962
79970
79979
79980
79998
80000
80028
80045
80058
80063
80067
80075
80076
80082
80097
80124
80136
80137
80146
80150
80153
80155
80156
80171
80179
80182
80190
80193
80199
80215
80216
80224
80230
80236
80238
80247
80248
80256
80257
80260
80295
80318
80322
80340
80347
80357
80363
80364
80375
80377
80380
80391
80392
80393
80397
80404
80414
80433
80436
80441
80454
80468
80483
80492
80497
80499
80501
80514
80527
80537
80538
80539
80551
80566
80567
80568
80569
80576
80582
80593
80596
80602
80609
80610
80611
80615
80618
80619
80627
80650
80651
80657
80668
80676
80719
80721
80726
80735
80739
80741
80760
80761
80775
80783
80786
80790
80797
80802
80813
80819
80833
80836
80840
80852
80859
80865
80866
80867
80871
80876
80877
80886
80891
80908
80924
80938
80939
80942
80950
80952
80955
80972
80974
80977
80981
80984
81015
81026
81029
81036
81039
81044
81077
81082
81086
81100
81101
81119
81124
81134
81142
81153
81156
81158
81175
81180
81186
81193
81201
81203
81217
81219
81220
81227
81243
81249
81252
81254
81265
81275
81279
81286
81301
81312
81321
81332
81333
81351
81362
81363
81374
81376
81381
81406
81411
81430
81432
81433
81439
81441
81443
81466
81481
81482
81487
81502
81509
81512
81513
81515
81532
81537
81540
81548
81556
81558
81559
81561
81566
81575
81580
81581
81603
81617
81624
81631
81642
81646
81657
81671
81672
81673
81688
81690
81699
81711
81720
81730
81734
81743
81755
81774
81776
81783
81784
81786
81789
81797
81804
81807
81811
81823
81836
81838
81839
81859
81862
81871
81876
81877
81888
81908
81909
81919
81938
81946
81977
81985
81992
82002
82008
82022
82035
82040
82064
82071
82076
82101
82114
82118
82119
82124
82152
82153
82154
82155
82170
82177
82178
82201
82220
82221
82222
82230
82234
82241
82254
82262
82266
82270
82287
82294
82295
82296
82299
82306
82308
82323
82324
82327
82328
82350
82356
82359
82378
82379
82380
82381
82385
82397
82416
82421
82422
82424
82449
82452
82454
82456
82459
82462
82466
82469
82474
82476
82499
82514
82523
82527
82530
82532
82546
82551
82557
82585
82589
82595
82599
82604
82609
82618
82629
82639
82644
82659
82664
82668
82679
82684
82694
82697
82705
82711
82716
82753
82762
82771
82774
82801
82809
82813
82823
82852
82853
82867
82868
82870
82873
82877
82889
82901
82904
82909
82915
82919
82925
82929
82935
82941
82951
82954
82969
82992
83005
83008
83033
83034
83040
83057
83065
83066
83067
83070
83071
83075
83077
83094
83102
83103
83114
83120
83122
83143
83145
83149
83156
83185
83195
83202
83229
83234
83237
83250
83259
83274
83280
83292
83304
83307
83359
83380
83384
83388
83391
83399
83404
83417
83423
83428
83430
83436
83440
83444
83449
83458
83459
83481
83483
83484
83490
83493
83494
83501
83527
83533
83535
83552
83553
83556
83558
83566
83568
83571
83574
83575
83580
83590
83591
83594
83598
83599
83603
83628
83637
83645
83654
83661
83687
83701
83723
83746
83752
83758
83765
83767
83769
83774
83783
83792
83801
83806
83829
83839
83852
83865
83868
83871
83872
83890
83913
83926
83936
83966
83976
83981
83997
83998
84028
84030
84033
84038
84045
84070
84072
84079
84098
84104
84107
84108
84118
84127
84140
84146
84152
84164
84171
84179
84200
84202
84212
84216
84225
84232
84244
84250
84255
84256
84258
84259
84261
84276
84281
84286
84293
84299
84300
84303
84313
84319
84323
84326
84330
84332
84345
84348
84359
84360
84373
84382
84387
84395
84398
84400
84401
84409
84415
84417
84444
84460
84470
84483
84500
84518
84524
84534
84535
84560
84568
84573
84577
84589
84593
84601
84608
84624
84634
84636
84638
84642
84646
84651
84661
84664
84666
84696
84699
84704
84709
84718
84731
84734
84749
84758
84774
84789
84805
84815
84817
84828
84831
84837
84844
84847
84860
84862
84868
84879
84888
84897
84899
84913
84920
84922
84931
84932
84938
84946
84949
84953
84977
84991
84997
85007
85015
85046
85062
85067
85081
85099
85116
85121
85141
85148
85153
85161
85163
85168
85184
85187
85188
85193
85200
85214
85216
85231
85232
85244
85250
85263
85272
85282
85306
85315
85321
85324
85327
85338
85339
85343
85353
85369
85370
85372
85374
85388
85392
85394
85403
85416
85423
85428
85433
85435
85436
85437
85440
85470
85489
85491
85502
85512
85513
85515
85523
85538
85548
85561
85564
85585
85603
85615
85622
85636
85643
85656
85659
85664
85667
85668
85681
85688
85700
85702
85703
85708
85720
85734
85764
85766
85775
85789
85798
85800
85835
85841
85848
85877
85882
85887
85895
85898
85901
85929
85930
85936
85940
85941
85950
85954
85956
85963
85971
85973
85986
85988
85993
86008
86020
86033
86038
86051
86067
86088
86090
86102
86117
86137
86152
86156
86191
86194
86195
86199
86204
86215
86219
86224
86228
86238
86244
86247
86258
86266
86279
86300
86316
86325
86326
86338
86344
86347
86348
86349
86353
86358
86360
86369
86383
86385
86424
86433
86443
86444
86451
86461
86484
86489
86513
86528
86535
86537
86541
86543
86544
86565
86578
86580
86582
86599
86611
86625
86632
86635
86638
86648
86665
86668
86675
86680
86683
86695
86696
86704
86725
86737
86757
86765
86766
86779
86814
86817
86823
86825
86831
86838
86849
86851
86855
86857
86859
86861
86862
86867
86870
86897
86898
86906
86909
86922
86923
86925
86928
86966
86968
86969
86979
86985
86993
87010
87015
87026
87028
87041
87066
87069
87074
87075
87090
87097
87100
87106
87117
87123
87128
87133
87134
87144
87154
87156
87167
87168
87179
87194
87215
87225
87226
87234
87238
87247
87265
87268
87275
87282
87289
87300
87305
87307
87318
87334
87351
87419
87420
87421
87425
87426
87428
87432
87440
87443
87450
87453
87457
87458
87476
87477
87484
87489
87502
87517
87542
87559
87564
87568
87569
87570
87583
87590
87592
87598
87601
87608
87610
87615
87624
87638
87641
87642
87655
87661
87668
87670
87674
87679
87684
87687
87705
87717
87724
87727
87736
87742
87763
87770
87782
87798
87799
87847
87854
87855
87860
87861
87862
87866
87878
87895
87900
87920
87926
87932
87949
87965
87971
88001
88006
88007
88009
88040
88048
88056
88059
88086
88094
88100
88102
88104
88110
88146
88156
88157
88181
88210
88223
88229
88236
88238
88257
88260
88272
88275
88292
88293
88294
88308
88326
88331
88344
88346
88352
88370
88374
88379
88382
88395
88412
88425
88428
88450
88477
88490
88504
88509
88515
88516
88524
88525
88530
88556
88567
88575
88578
88583
88585
88591
88603
88612
88616
88621
88629
88634
88649
88658
88666
88677
88691
88698
88711
88714
88715
88720
88737
88742
88758
88761
88763
88766
88777
88798
88802
88805
88810
88814
88818
88833
88835
88839
88841
88843
88853
88861
88886
88890
88909
88910
88919
88921
88925
88928
88932
88933
88945
88949
88979
88987
89000
89007
89016
89036
89045
89052
89058
89060
89061
89072
89086
89097
89104
89108
89110
89121
89128
89145
89163
89185
89203
89208
89212
89225
89230
89236
89243
89248
89254
89255
89260
89274
89276
89297
89302
89303
89311
89320
89337
89339
89354
89356
89376
89377
89390
89392
89408
89412
89425
89428
89434
89441
89444
89452
89456
89457
89464
89470
89476
89485
89487
89490
89499
89501
89503
89506
89516
89519
89521
89533
89546
89558
89579
89581
89582
89589
89599
89610
89632
89639
89642
89648
89661
89676
89690
89706
89727
89730
89743
89751
89771
89781
89782
89803
89804
89827
89829
89839
89843
89845
89849
89867
89868
89877
89882
89886
89887
89907
89915
89916
89917
89944
89957
89958
89962
90004
90005
90012
90015
90023
90027
90029
90042
90043
90048
90051
90052
90068
90069
90074
90076
90085
90096
90118
90119
90132
90143
90146
90153
90159
90173
90193
90196
90226
90233
90236
90237
90241
90250
90262
90284
90285
90286
90289
90295
90296
90317
90323
90343
90344
90354
90359
90361
90365
90369
90371
90374
90379
90391
90411
90429
90431
90433
90438
90448
90449
90455
90456
90466
90467
90472
90477
90486
90491
90497
90500
90515
90521
90524
90528
90529
90537
90538
90556
90567
90575
90584
90590
90601
90643
90650
90663
90665
90670
90678
90679
90694
90701
90711
90715
90722
90723
90734
90746
90760
90761
90763
90766
90775
90813
90815
90833
90838
90854
90873
90886
90888
90890
90895
90918
90925
90926
90935
90939
90946
90965
90968
90976
90983
90986
91001
91008
91014
91040
91044
91045
91048
91049
91053
91054
91055
91068
91077
91084
91102
91113
91122
91140
91145
91153
91161
91177
91205
91213
91219
91220
91231
91235
91239
91244
91250
91259
91265
91288
91313
91322
91324
91327
91338
91347
91357
91364
91366
91393
91397
91398
91405
91407
91412
91417
91420
91421
91425
91436
91446
91462
91468
91469
91472
91475
91476
91481
91482
91489
91498
91504
91527
91536
91560
91600
91601
91604
91620
91629
91635
91636
91656
91659
91664
91666
91667
91680
91682
91684
91689
91694
91699
91706
91710
91712
91735
91744
91745
91750
91755
91764
91776
91778
91788
91792
91814
91816
91845
91849
91854
91856
91861
91866
91874
91875
91884
91890
91902
91903
91945
91949
91951
91957
91963
91971
91978
91995
92015
92022
92045
92050
92054
92059
92070
92074
92077
92084
92085
92086
92097
92125
92130
92142
92146
92148
92150
92153
92158
92163
92166
92170
92181
92200
92204
92207
92210
92212
92216
92231
92233
92249
92255
92282
92308
92311
92324
92327
92340
92345
92358
92367
92371
92379
92382
92392
92408
92417
92429
92433
92471
92478
92488
92500
92504
92509
92518
92522
92526
92529
92553
92561
92571
92578
92589
92604
92612
92619
92625
92628
92630
92632
92636
92641
92648
92684
92692
92708
92711
92716
92718
92726
92727
92730
92735
92745
92746
92747
92753
92765
92772
92780
92796
92799
92800
92829
92838
92839
92845
92851
92873
92875
92900
92914
92917
92919
92922
92924
92936
92945
92958
92970
92980
92982
92992
93006
93015
93017
93033
93038
93039
93042
93068
93070
93085
93086
93090
93101
93119
93125
93140
93141
93146
93155
93160
93165
93174
93189
93194
93197
93212
93213
93215
93222
93247
93252
93261
93262
93283
93296
93310
93312
93316
93321
93322
93324
93326
93339
93355
93360
93371
93377
93380
93383
93388
93410
93412
93416
93419
93424
93443
93453
93477
93484
93497
93503
93522
93527
93533
93565
93595
93598
93606
93607
93626
93628
93630
93638
93645
93657
93660
93662
93668
93671
93673
93676
93684
93699
93702
93705
93714
93778
93783
93794
93817
93820
93823
93827
93828
93835
93836
93838
93840
93844
93847
93856
93858
93876
93885
93893
93894
93901
93910
93912
93939
93950
93952
93955
93957
93958
93961
93968
93969
93970
93975
93985
93992
94003
94005
94011
94021
94023
94036
94065
94081
94088
94092
94096
94099
94107
94117
94130
94142
94150
94158
94194
94198
94217
94225
94231
94250
94262
94263
94295
94306
94310
94334
94349
94355
94368
94371
94375
94381
94396
94402
94403
94408
94418
94427
94428
94446
94460
94465
94479
94488
94504
94510
94512
94516
94526
94527
94577
94588
94589
94591
94594
94599
94622
94627
94636
94637
94642
94646
94649
94652
94660
94663
94687
94689
94691
94703
94727
94740
94746
94753
94757
94763
94764
94781
94786
94793
94795
94796
94799
94800
94806
94814
94822
94825
94830
94843
94844
94846
94852
94860
94868
94911
94922
94926
94929
94930
94933
94942
94963
94965
94967
94968
94972
94995
95010
95014
95028
95045
95055
95065
95090
95095
95096
95100
95115
95133
95137
95141
95143
95144
95152
95158
95169
95177
95185
95186
95196
95231
95235
95242
95246
95254
95265
95274
95277
95282
95284
95286
95287
95304
95313
95315
95320
95330
95335
95336
95343
95353
95357
95365
95393
95401
95405
95407
95411
95420
95422
95430
95431
95441
95462
95469
95475
95494
95496
95499
95502
95512
95518
95519
95532
95551
95586
95603
95604
95610
95645
95666
95671
95672
95687
95694
95706
95710
95719
95722
95741
95747
95756
95764
95779
95805
95806
95813
95817
95822
95826
95868
95871
95884
95885
95898
95899
95924
95926
95935
95937
95939
95945
95952
95965
95975
95986
95994
95999
96005
96042
96055
96069
96072
96081
96096
96099
96101
96121
96125
96127
96147
96169
96180
96187
96189
96190
96214
96220
96231
96236
96242
96253
96257
96272
96275
96277
96284
96296
96297
96314
96321
96322
96324
96348
96355
96358
96376
96405
96425
96426
96435
96447
96456
96472
96500
96504
96505
96508
96511
96515
96521
96522
96523
96524
96530
96532
96536
96555
96560
96572
96582
96592
96599
96600
96618
96620
96631
96638
96661
96671
96684
96685
96709
96710
96719
96722
96723
96731
96737
96738
96739
96744
96747
96749
96751
96762
96775
96783
96791
96816
96826
96833
96855
96859
96865
96866
96878
96882
96883
96907
96909
96917
96942
96954
96973
96982
96983
97001
97004
97010
97014
97019
97042
97059
97070
97077
97088
97090
97097
97105
97109
97111
97112
97118
97120
97123
97130
97136
97139
97149
97159
97162
97175
97178
97199
97233
97241
97246
97257
97272
97276
97290
97321
97328
97342
97348
97356
97369
97370
97380
97382
97394
97422
97447
97453
97459
97471
97472
97528
97533
97537
97543
97574
97576
97577
97580
97589
97599
97613
97615
97616
97620
97627
97630
97632
97637
97643
97657
97670
97683
97692
97693
97709
97713
97716
97725
97754
97755
97767
97782
97795
97801
97806
97811
97831
97836
97862
97864
97865
97880
97903
97909
97912
97928
97933
97948
97954
97959
97989
98016
98030
98039
98044
98064
98067
98072
98077
98093
98101
98114
98119
98126
98127
98140
98153
98154
98177
98185
98190
98202
98203
98213
98226
98252
98254
98260
98264
98267
98276
98280
98281
98303
98312
98317
98328
98330
98333
98340
98351
98362
98363
98420
98422
98425
98426
98433
98434
98443
98457
98462
98467
98483
98489
98492
98496
98501
98502
98506
98513
98515
98520
98553
98558
98569
98574
98577
98587
98599
98601
98628
98630
98632
98665
98668
98693
98695
98706
98717
98721
98751
98754
98755
98758
98762
98766
98774
98803
98822
98843
98848
98861
98862
98869
98877
98880
98890
98905
98917
98918
98928
98941
98962
98971
98980
98981
98993
99000
99004
99012
99028
99030
99038
99053
99054
99057
99087
99102
99109
99112
99113
99124
99126
99129
99130
99136
99143
99151
99159
99161
99166
99171
99193
99194
99198
99201
99202
99222
99232
99252
99253
99265
99273
99296
99303
99314
99318
99325
99328
99337
99338
99339
99340
99347
99350
99358
99369
99385
99395
99402
99408
99426
99428
99448
99451
99453
99460
99462
99463
99464
99492
99510
99545
99550
99560
99568
99572
99583
99612
99619
99620
99639
99641
99645
99664
99674
99704
99712
99740
99756
99786
99793
99796
99803
99832
99841
99852
99867
99890
99900
99915
99919
99927
99950
99957
99975
99989
