1
17
47
67
83
86
87
89
92
101
120
122
137
150
156
158
172
184
185
210
236
240
241
265
287
328
334
337
346
348
349
372
427
429
447
452
470
474
481
517
528
539
553
561
564
594
605
611
619
623
626
665
666
681
686
688
713
728
737
763
770
779
791
793
794
795
802
807
809
818
819
846
867
871
895
899
906
913
915
918
920
925
942
955
956
965
983
985
1005
1017
1029
1032
1039
1077
1078
1079
1081
1095
1098
1128
1162
1199
1202
1217
1218
1232
1236
1264
1266
1268
1275
1293
1299
1309
1312
1318
1354
1373
1383
1394
1396
1401
1427
1431
1433
1436
1451
1453
1459
1487
1522
1551
1602
1621
1625
1628
1640
1663
1664
1682
1688
1780
1782
1799
1802
1808
1809
1811
1836
1844
1846
1860
1892
1916
1917
1937
1946
1966
1986
2000
2005
2017
2018
2022
2041
2043
2046
2057
2074
2084
2094
2096
2120
2140
2152
2154
2180
2184
2195
2217
2219
2220
2241
2248
2263
2264
2276
2286
2289
2295
2310
2325
2328
2334
2351
2354
2363
2366
2380
2384
2418
2449
2494
2498
2505
2531
2534
2538
2558
2628
2638
2662
2673
2674
2684
2701
2710
2736
2739
2741
2764
2773
2776
2777
2785
2796
2821
2831
2860
2861
2872
2875
2892
2897
2910
2911
2952
2969
2974
2985
2988
2990
2995
2998
3000
3005
3011
3029
3032
3049
3051
3056
3067
3069
3070
3095
3118
3133
3136
3137
3141
3156
3162
3170
3187
3212
3227
3241
3286
3289
3299
3301
3304
3306
3307
3314
3316
3353
3380
3382
3387
3403
3416
3417
3430
3440
3465
3468
3474
3481
3483
3495
3509
3510
3513
3521
3528
3533
3540
3557
3570
3573
3577
3597
3623
3639
3642
3644
3645
3651
3652
3657
3659
3661
3667
3693
3699
3704
3753
3762
3765
3785
3804
3812
3814
3822
3824
3826
3830
3831
3832
3882
3886
3889
3898
3900
3911
3912
3923
3933
3946
3956
3957
3977
3995
4045
4048
4056
4057
4058
4062
4076
4089
4091
4093
4106
4117
4134
4136
4143
4145
4161
4176
4181
4183
4216
4227
4231
4242
4243
4247
4251
4268
4313
4329
4335
4361
4398
4400
4421
4427
4436
4441
4449
4473
4478
4489
4491
4492
4495
4516
4524
4550
4558
4562
4569
4600
4603
4610
4614
4624
4629
4633
4643
4656
4657
4664
4698
4699
4700
4715
4726
4727
4733
4766
4767
4791
4813
4816
4818
4862
4865
4885
4898
4907
4931
4936
4946
4947
4955
4957
4962
4968
4985
5011
5046
5053
5076
5081
5088
5090
5092
5148
5149
5154
5155
5159
5162
5180
5189
5210
5213
5255
5268
5279
5290
5292
5300
5301
5302
5329
5341
5349
5351
5373
5377
5383
5388
5397
5398
5399
5423
5434
5449
5454
5456
5463
5468
5478
5482
5485
5495
5505
5512
5514
5519
5520
5536
5539
5572
5586
5587
5599
5621
5628
5633
5649
5650
5662
5665
5674
5689
5695
5702
5720
5724
5735
5739
5760
5766
5804
5810
5815
5820
5821
5837
5857
5859
5865
5867
5871
5879
5915
5928
5935
5940
5962
5969
5988
6015
6028
6047
6049
6073
6083
6088
6091
6096
6122
6142
6171
6172
6176
6190
6194
6204
6206
6217
6220
6224
6227
6244
6251
6255
6258
6284
6286
6300
6306
6318
6327
6348
6372
6397
6410
6411
6419
6423
6433
6446
6451
6464
6465
6472
6481
6482
6486
6487
6500
6512
6521
6523
6534
6538
6541
6548
6559
6569
6575
6579
6592
6605
6636
6640
6641
6652
6663
6666
6702
6705
6711
6728
6730
6740
6788
6794
6799
6803
6807
6817
6828
6840
6851
6853
6877
6879
6897
6902
6904
6936
6958
6968
6971
6972
6992
6994
6995
7002
7012
7013
7024
7034
7041
7056
7059
7063
7066
7087
7090
7095
7102
7109
7118
7128
7135
7136
7156
7170
7188
7192
7194
7257
7276
7350
7352
7402
7409
7417
7420
7423
7428
7446
7465
7469
7470
7480
7489
7505
7520
7528
7535
7544
7562
7565
7603
7620
7642
7684
7696
7698
7700
7702
7707
7726
7732
7733
7734
7749
7777
7778
7794
7798
7830
7854
7858
7864
7883
7888
7900
7921
7958
7960
7975
7984
7986
8005
8014
8024
8040
8063
8065
8068
8088
8104
8115
8160
8166
8171
8178
8180
8198
8210
8215
8222
8239
8250
8257
8264
8271
8282
8292
8306
8313
8316
8320
8339
8342
8349
8353
8367
8402
8408
8409
8414
8423
8425
8427
8441
8443
8445
8457
8476
8480
8494
8497
8507
8522
8558
8562
8565
8566
8572
8578
8607
8613
8626
8632
8639
8658
8687
8690
8696
8698
8711
8733
8751
8767
8786
8789
8810
8818
8828
8831
8835
8842
8859
8863
8882
8886
8913
8943
8947
8960
8967
8968
8978
8985
8986
8988
9010
9017
9033
9086
9107
9115
9136
9139
9146
9148
9160
9168
9174
9180
9185
9195
9219
9221
9228
9245
9278
9280
9281
9315
9326
9361
9374
9376
9390
9393
9394
9396
9405
9416
9423
9436
9442
9456
9466
9468
9478
9479
9490
9495
9496
9504
9516
9520
9543
9547
9562
9567
9597
9622
9623
9678
9681
9710
9720
9721
9723
9724
9729
9745
9749
9769
9805
9806
9815
9817
9828
9848
9855
9856
9858
9863
9866
9904
9910
9915
9924
9925
9935
9958
10001
10012
10022
10027
10033
10037
10064
10068
10078
10079
10081
10087
10104
10108
10115
10130
10136
10154
10163
10167
10181
10195
10208
10221
10235
10237
10239
10244
10258
10265
10274
10287
10300
10311
10349
10352
10374
10392
10408
10424
10429
10440
10443
10455
10462
10464
10474
10480
10513
10559
10567
10573
10578
10592
10604
10613
10623
10636
10639
10642
10643
10652
10655
10660
10669
10670
10695
10702
10706
10728
10729
10738
10741
10749
10763
10772
10773
10793
10803
10812
10823
10828
10829
10830
10839
10840
10848
10849
10887
10902
10903
10941
10961
10978
10996
11000
11008
11021
11034
11066
11078
11096
11112
11113
11160
11165
11174
11176
11209
11227
11231
11248
11258
11278
11281
11305
11363
11390
11397
11412
11427
11450
11464
11471
11476
11477
11483
11502
11511
11521
11524
11539
11541
11569
11573
11597
11604
11611
11620
11640
11669
11680
11686
11688
11710
11727
11759
11761
11766
11781
11796
11805
11866
11880
11892
11896
11916
11932
11940
11941
11942
11943
11950
11966
11981
11992
11994
12014
12065
12069
12070
12085
12087
12127
12133
12135
12136
12137
12164
12165
12175
12183
12190
12191
12209
12227
12238
12242
12253
12261
12269
12276
12282
12306
12318
12338
12358
12391
12396
12400
12410
12415
12425
12434
12463
12468
12474
12482
12483
12486
12493
12503
12521
12529
12570
12582
12591
12593
12611
12620
12633
12641
12643
12645
12659
12683
12690
12720
12735
12739
12759
12772
12774
12786
12802
12804
12815
12818
12819
12826
12829
12859
12865
12868
12880
12882
12884
12909
12916
12929
12942
12944
12956
12980
13001
13004
13006
13011
13019
13025
13051
13087
13092
13118
13144
13151
13160
13173
13179
13187
13212
13226
13235
13255
13256
13259
13261
13262
13263
13269
13274
13275
13288
13305
13316
13320
13349
13351
13361
13362
13364
13378
13379
13384
13398
13404
13409
13446
13454
13458
13481
13502
13548
13555
13580
13591
13595
13602
13608
13615
13616
13634
13655
13657
13678
13707
13713
13734
13744
13748
13750
13755
13762
13779
13802
13827
13840
13868
13871
13880
13899
13921
13925
13927
13928
13953
13954
13988
13989
13999
14002
14013
14017
14032
14044
14056
14058
14097
14112
14142
14160
14162
14175
14176
14203
14218
14226
14240
14257
14264
14282
14285
14294
14298
14332
14334
14352
14354
14372
14387
14407
14419
14420
14424
14460
14472
14474
14497
14501
14505
14506
14509
14523
14528
14531
14537
14541
14555
14587
14606
14609
14629
14632
14633
14636
14649
14689
14763
14766
14768
14778
14790
14802
14814
14817
14840
14855
14856
14883
14890
14900
14906
14910
14911
14931
14940
14957
14968
14975
15004
15012
15023
15037
15060
15073
15084
15086
15111
15126
15130
15139
15141
15153
15182
15190
15197
15199
15212
15226
15227
15230
15238
15279
15290
15292
15303
15313
15320
15324
15335
15351
15360
15367
15370
15392
15394
15398
15403
15405
15424
15429
15466
15472
15487
15490
15492
15500
15520
15521
15523
15527
15533
15534
15548
15566
15569
15581
15623
15645
15655
15662
15665
15671
15680
15721
15726
15730
15734
15748
15750
15763
15766
15775
15785
15799
15803
15830
15839
15846
15878
15889
15901
15906
15910
15911
15936
15941
15958
15962
15993
15997
16010
16016
16033
16041
16044
16065
16070
16071
16082
16095
16099
16118
16122
16143
16148
16156
16157
16165
16173
16176
16205
16227
16231
16251
16265
16298
16304
16306
16309
16315
16328
16335
16336
16363
16388
16398
16404
16406
16417
16442
16454
16459
16489
16503
16509
16513
16521
16522
16527
16533
16537
16567
16568
16574
16580
16597
16644
16691
16712
16719
16762
16770
16772
16784
16791
16796
16799
16804
16817
16818
16820
16833
16847
16866
16876
16880
16883
16887
16891
16904
16918
16920
16933
16938
16947
16949
16954
16955
16961
16973
16983
16986
16999
17002
17004
17007
17012
17025
17027
17034
17041
17046
17048
17060
17080
17081
17090
17099
17108
17109
17135
17162
17167
17181
17190
17195
17208
17224
17234
17253
17265
17271
17276
17285
17290
17296
17304
17305
17342
17348
17361
17379
17393
17400
17401
17403
17408
17414
17424
17431
17432
17437
17451
17452
17454
17460
17481
17482
17555
17562
17563
17573
17575
17579
17611
17628
17643
17645
17669
17706
17712
17713
17726
17735
17745
17761
17781
17785
17809
17819
17839
17841
17844
17855
17898
17922
17935
17940
17944
17955
17969
17972
17980
17981
17993
18015
18031
18033
18056
18065
18068
18078
18091
18096
18110
18114
18124
18142
18148
18163
18166
18180
18184
18203
18204
18211
18229
18233
18239
18240
18256
18260
18274
18280
18282
18298
18302
18307
18339
18360
18403
18420
18426
18427
18431
18444
18453
18465
18471
18475
18476
18491
18503
18545
18549
18582
18585
18595
18596
18607
18624
18631
18632
18637
18646
18660
18669
18671
18674
18681
18686
18693
18694
18697
18703
18750
18751
18760
18778
18780
18801
18816
18817
18837
18845
18852
18865
18874
18884
18887
18907
18921
18924
18925
18931
18942
18945
18973
18974
18982
18994
19002
19005
19033
19035
19039
19052
19059
19063
19080
19117
19133
19145
19146
19155
19169
19175
19176
19178
19187
19192
19210
19212
19217
19223
19229
19257
19262
19301
19303
19340
19343
19351
19354
19356
19368
19375
19377
19415
19452
19458
19469
19476
19490
19498
19508
19514
19522
19572
19574
19593
19599
19609
19616
19635
19666
19687
19701
19708
19717
19732
19742
19751
19773
19774
19786
19812
19828
19845
19847
19848
19864
19887
19907
19914
19920
19928
19952
19953
19971
19980
20008
20014
20021
20038
20049
20056
20080
20126
20152
20173
20176
20185
20195
20205
20214
20216
20239
20260
20263
20277
20304
20312
20332
20367
20368
20369
20379
20388
20391
20437
20441
20465
20469
20471
20479
20485
20495
20505
20510
20542
20549
20554
20574
20575
20586
20594
20601
20612
20640
20647
20668
20673
20685
20689
20711
20712
20714
20717
20730
20735
20736
20737
20770
20775
20779
20781
20793
20820
20832
20871
20894
20899
20937
20943
20957
20963
20967
20973
20990
20992
21001
21005
21021
21025
21036
21040
21050
21059
21069
21074
21075
21080
21095
21102
21107
21116
21133
21150
21152
21158
21191
21228
21235
21244
21250
21275
21282
21283
21289
21294
21295
21305
21321
21341
21347
21375
21380
21389
21390
21398
21414
21417
21420
21421
21439
21454
21456
21484
21487
21494
21543
21547
21577
21589
21600
21637
21669
21682
21711
21722
21755
21758
21765
21766
21772
21783
21790
21796
21815
21838
21844
21871
21879
21889
21909
21910
21915
21936
21949
21955
21956
21970
21980
21986
21995
22001
22007
22016
22017
22018
22022
22023
22056
22060
22063
22075
22084
22096
22098
22102
22111
22117
22128
22143
22171
22184
22195
22199
22203
22226
22276
22278
22291
22310
22313
22314
22325
22333
22335
22341
22350
22355
22380
22384
22398
22400
22420
22440
22461
22464
22468
22492
22494
22502
22541
22546
22549
22550
22570
22574
22581
22598
22607
22627
22652
22660
22693
22695
22706
22710
22724
22735
22736
22753
22759
22762
22777
22782
22796
22807
22823
22825
22828
22830
22846
22860
22872
22874
22877
22882
22889
22893
22933
22943
22947
22960
22965
22977
22980
22984
22999
23009
23040
23068
23071
23091
23094
23103
23110
23122
23123
23127
23142
23149
23169
23189
23203
23206
23218
23223
23228
23241
23247
23253
23259
23276
23277
23302
23305
23355
23364
23401
23435
23455
23479
23481
23488
23501
23507
23520
23529
23550
23555
23583
23592
23598
23602
23603
23612
23666
23678
23682
23686
23694
23710
23720
23730
23736
23746
23748
23753
23757
23772
23804
23805
23827
23830
23833
23843
23845
23855
23858
23864
23871
23873
23882
23897
23899
23902
23904
23942
23956
23975
23989
23994
24010
24032
24042
24043
24065
24091
24106
24145
24147
24148
24156
24169
24193
24195
24221
24233
24245
24252
24253
24266
24272
24274
24285
24301
24307
24325
24345
24352
24373
24394
24403
24421
24453
24465
24469
24503
24512
24522
24526
24533
24541
24549
24560
24594
24608
24630
24632
24658
24687
24690
24724
24742
24754
24766
24771
24782
24787
24796
24817
24833
24848
24861
24868
24927
24940
24951
24953
24980
24996
25006
25017
25029
25032
25058
25113
25127
25138
25154
25167
25174
25188
25192
25207
25232
25264
25272
25284
25306
25316
25326
25351
25375
25376
25387
25391
25395
25404
25414
25416
25421
25424
25426
25428
25457
25473
25487
25510
25522
25540
25544
25555
25567
25576
25585
25596
25599
25611
25620
25634
25635
25655
25662
25674
25677
25706
25710
25712
25725
25727
25732
25758
25763
25778
25792
25796
25803
25804
25862
25865
25870
25874
25886
25891
25893
25903
25907
25911
25922
25929
25940
25946
25947
25951
25963
25986
25993
25994
26012
26043
26045
26047
26051
26065
26088
26089
26093
26095
26137
26138
26151
26157
26161
26167
26179
26196
26197
26202
26207
26208
26215
26238
26291
26318
26329
26335
26359
26362
26383
26386
26399
26423
26430
26432
26436
26440
26452
26459
26469
26471
26474
26508
26510
26516
26521
26523
26541
26552
26557
26570
26588
26593
26594
26631
26634
26654
26658
26684
26687
26693
26722
26730
26738
26755
26759
26760
26785
26800
26809
26817
26829
26834
26836
26852
26861
26890
26922
26935
26937
26950
26953
26957
26959
26963
26970
26973
26977
26978
26981
26985
26995
27018
27022
27059
27064
27082
27109
27112
27116
27140
27141
27145
27164
27173
27174
27176
27178
27189
27192
27195
27196
27197
27207
27217
27230
27271
27290
27394
27399
27419
27444
27445
27453
27465
27472
27482
27496
27512
27516
27525
27534
27541
27543
27553
27557
27581
27616
27621
27623
27625
27638
27652
27674
27684
27699
27725
27727
27730
27739
27750
27753
27758
27771
27777
27783
27797
27812
27821
27824
27853
27875
27878
27888
27902
27907
27909
27917
27920
27930
27954
27976
27982
27996
28030
28056
28066
28070
28091
28122
28131
28161
28166
28175
28188
28191
28197
28204
28216
28225
28229
28243
28245
28261
28269
28270
28280
28298
28303
28321
28339
28348
28351
28399
28402
28404
28417
28440
28456
28464
28471
28472
28520
28522
28543
28551
28557
28575
28586
28587
28596
28598
28604
28613
28618
28628
28637
28655
28668
28707
28710
28719
28724
28730
28741
28763
28791
28810
28816
28820
28835
28848
28852
28853
28870
28880
28888
28906
28924
28930
28934
28939
28940
28942
28948
28949
28964
28968
28971
28973
28980
28982
28992
29009
29035
29047
29051
29076
29077
29080
29099
29107
29109
29119
29127
29131
29140
29149
29162
29176
29178
29195
29211
29226
29229
29230
29271
29290
29295
29307
29309
29311
29316
29329
29348
29359
29372
29392
29393
29412
29414
29418
29424
29428
29435
29447
29458
29459
29485
29501
29506
29507
29524
29533
29535
29538
29551
29555
29569
29578
29580
29581
29594
29599
29629
29647
29648
29654
29658
29685
29695
29710
29723
29727
29746
29749
29756
29759
29773
29775
29776
29780
29791
29796
29797
29814
29822
29870
29879
29890
29896
29903
29907
29910
29923
29945
29977
29981
30027
30031
30033
30040
30057
30060
30082
30085
30092
30098
30108
30115
30149
30161
30174
30187
30196
30200
30201
30202
30265
30266
30270
30282
30289
30291
30292
30308
30325
30354
30366
30397
30407
30419
30425
30441
30445
30450
30461
30476
30477
30525
30530
30541
30545
30550
30559
30564
30567
30569
30579
30592
30595
30597
30601
30603
30605
30606
30614
30620
30631
30634
30635
30651
30652
30653
30677
30685
30697
30711
30728
30732
30740
30763
30764
30765
30775
30784
30786
30802
30806
30809
30816
30817
30822
30831
30847
30879
30881
30899
30902
30915
30942
30980
30995
30999
31012
31013
31016
31017
31020
31025
31032
31034
31040
31056
31079
31084
31101
31109
31121
31139
31147
31161
31162
31174
31181
31186
31220
31225
31230
31242
31243
31246
31255
31258
31265
31275
31285
31326
31335
31337
31343
31354
31375
31410
31413
31417
31457
31538
31541
31551
31553
31558
31568
31570
31591
31606
31651
31654
31655
31662
31675
31677
31681
31698
31728
31753
31770
31786
31789
31812
31825
31829
31849
31858
31876
31889
31901
31908
31919
31925
31931
31938
31951
31991
31993
32002
32012
32021
32026
32033
32036
32044
32045
32048
32057
32062
32070
32074
32091
32094
32096
32104
32119
32129
32130
32137
32138
32145
32148
32161
32164
32166
32171
32192
32198
32201
32202
32211
32216
32223
32243
32269
32276
32278
32289
32295
32312
32328
32338
32343
32370
32390
32401
32403
32408
32420
32425
32444
32455
32517
32524
32541
32577
32594
32618
32620
32642
32650
32661
32673
32674
32689
32710
32713
32737
32789
32841
32842
32857
32861
32872
32882
32883
32884
32905
32912
32915
32916
32918
32953
32961
32965
32968
32975
32996
33005
33010
33027
33048
33062
33070
33088
33102
33112
33117
33119
33122
33125
33137
33139
33142
33153
33157
33158
33163
33169
33172
33177
33178
33200
33201
33205
33208
33214
33242
33262
33278
33305
33313
33318
33333
33345
33346
33352
33377
33389
33430
33431
33435
33443
33484
33488
33510
33534
33545
33547
33582
33584
33589
33593
33600
33605
33612
33615
33616
33628
33648
33649
33651
33658
33670
33673
33729
33731
33738
33741
33766
33773
33776
33780
33784
33797
33805
33806
33810
33822
33836
33845
33878
33901
33906
33926
33929
33932
33942
34008
34031
34033
34044
34050
34087
34088
34095
34106
34111
34123
34124
34126
34135
34144
34150
34157
34159
34174
34191
34198
34203
34204
34207
34208
34214
34237
34256
34291
34353
34358
34366
34382
34389
34394
34396
34397
34398
34399
34401
34426
34430
34432
34437
34459
34463
34467
34471
34472
34478
34493
34503
34511
34548
34549
34571
34588
34634
34641
34645
34647
34674
34681
34719
34720
34731
34737
34754
34769
34770
34771
34775
34781
34786
34804
34819
34832
34835
34840
34864
34876
34906
34910
34918
34922
34932
34937
34938
34941
34967
34979
34996
35002
35010
35012
35020
35038
35044
35056
35059
35065
35079
35097
35113
35120
35122
35129
35130
35141
35152
35154
35177
35179
35197
35199
35205
35206
35215
35225
35253
35259
35315
35331
35342
35357
35361
35384
35392
35400
35408
35409
35412
35416
35422
35423
35425
35445
35464
35480
35484
35494
35496
35505
35514
35522
35524
35529
35534
35540
35550
35564
35566
35575
35598
35608
35622
35624
35632
35642
35643
35645
35654
35707
35758
35767
35777
35783
35787
35792
35795
35801
35804
35811
35815
35819
35835
35837
35838
35842
35857
35865
35869
35878
35889
35946
35950
35955
35962
36014
36016
36042
36063
36064
36083
36115
36127
36144
36148
36167
36176
36224
36230
36243
36260
36268
36271
36280
36322
36327
36330
36337
36350
36353
36358
36377
36391
36393
36396
36404
36424
36427
36428
36430
36457
36462
36469
36475
36480
36481
36494
36497
36525
36527
36533
36555
36557
36559
36565
36567
36585
36589
36598
36602
36618
36633
36637
36650
36659
36667
36676
36703
36705
36725
36738
36762
36763
36764
36780
36785
36813
36831
36838
36850
36895
36913
36929
36937
36964
36966
36973
36975
36984
36987
36991
36993
37013
37014
37021
37027
37031
37037
37051
37067
37085
37098
37103
37107
37109
37110
37115
37126
37127
37148
37154
37178
37194
37195
37222
37238
37252
37259
37268
37273
37281
37317
37332
37338
37353
37368
37386
37402
37414
37418
37428
37452
37472
37497
37502
37503
37545
37558
37564
37577
37593
37596
37607
37612
37615
37646
37652
37654
37679
37687
37706
37714
37716
37725
37745
37771
37781
37791
37810
37824
37825
37826
37833
37843
37845
37864
37868
37876
37889
37892
37896
37913
37930
37950
37956
37965
37989
37996
38016
38036
38044
38046
38062
38071
38099
38102
38110
38119
38121
38128
38153
38163
38184
38187
38238
38241
38260
38267
38279
38295
38301
38302
38306
38315
38337
38346
38347
38357
38360
38369
38371
38388
38399
38426
38435
38437
38451
38469
38476
38483
38484
38502
38508
38525
38533
38550
38552
38605
38629
38631
38635
38641
38647
38655
38663
38671
38672
38674
38689
38690
38705
38721
38741
38752
38753
38771
38789
38793
38804
38813
38825
38826
38830
38837
38865
38874
38895
38902
38919
38921
38947
38953
38978
38983
38988
38992
39011
39012
39023
39057
39078
39089
39097
39109
39110
39161
39191
39240
39252
39255
39257
39260
39303
39319
39325
39349
39353
39364
39369
39383
39404
39407
39429
39445
39449
39474
39484
39495
39516
39517
39526
39534
39553
39568
39586
39597
39619
39622
39638
39653
39656
39657
39658
39666
39689
39705
39737
39739
39764
39772
39775
39781
39783
39786
39799
39811
39843
39850
39865
39877
39889
39915
39920
39924
39927
39976
39983
39989
40015
40016
40022
40024
40042
40050
40068
40087
40120
40123
40140
40141
40142
40167
40169
40180
40189
40196
40212
40219
40232
40236
40238
40249
40254
40266
40276
40287
40290
40294
40295
40306
40314
40319
40323
40332
40335
40359
40386
40393
40400
40401
40402
40403
40411
40418
40462
40481
40490
40500
40510
40511
40537
40546
40551
40558
40576
40586
40596
40610
40622
40635
40641
40644
40645
40658
40676
40677
40685
40702
40715
40723
40741
40743
40762
40766
40775
40778
40787
40799
40813
40850
40852
40859
40902
40918
40932
40941
40945
40946
40982
41018
41019
41020
41025
41028
41045
41064
41075
41085
41143
41156
41158
41173
41174
41203
41226
41227
41230
41233
41242
41291
41317
41319
41331
41349
41359
41372
41375
41376
41378
41388
41396
41397
41401
41405
41438
41466
41487
41488
41494
41497
41509
41517
41535
41540
41542
41547
41575
41578
41580
41610
41630
41634
41647
41674
41703
41715
41720
41731
41735
41737
41741
41744
41747
41807
41833
41848
41853
41855
41885
41888
41893
41902
41922
41930
41933
41934
41945
41946
41949
42008
42019
42023
42024
42047
42058
42062
42066
42069
42080
42098
42100
42104
42112
42114
42138
42166
42185
42207
42213
42230
42254
42257
42264
42269
42273
42278
42282
42289
42303
42323
42341
42345
42351
42356
42360
42374
42388
42395
42410
42433
42436
42471
42476
42479
42493
42500
42507
42513
42518
42524
42541
42545
42562
42568
42571
42578
42579
42662
42675
42695
42727
42744
42755
42756
42762
42767
42773
42825
42855
42865
42872
42908
42912
42913
42916
42926
42937
42942
42967
42970
42977
43057
43074
43077
43090
43092
43100
43103
43105
43115
43123
43139
43150
43186
43188
43208
43221
43233
43240
43244
43257
43282
43297
43299
43319
43326
43341
43346
43357
43390
43418
43430
43431
43440
43443
43455
43473
43477
43487
43498
43499
43529
43544
43549
43552
43554
43568
43572
43573
43582
43590
43600
43611
43649
43662
43665
43667
43680
43692
43703
43712
43718
43719
43721
43728
43734
43742
43780
43789
43793
43806
43807
43815
43820
43827
43829
43834
43861
43870
43886
43897
43907
43911
43915
43927
43943
43945
43949
43979
43983
43990
43993
44004
44014
44030
44039
44049
44070
44117
44145
44149
44184
44198
44203
44208
44214
44221
44223
44234
44247
44250
44268
44277
44288
44289
44292
44294
44304
44307
44312
44321
44322
44353
44363
44382
44391
44392
44411
44413
44448
44456
44477
44478
44481
44510
44519
44538
44540
44544
44546
44556
44566
44572
44578
44585
44594
44600
44607
44614
44630
44638
44645
44646
44663
44664
44669
44692
44696
44730
44734
44764
44767
44774
44775
44776
44778
44780
44781
44789
44791
44803
44809
44833
44841
44881
44883
44893
44911
44926
44930
44932
44938
44955
44959
44969
44984
44996
45004
45015
45016
45017
45049
45063
45067
45070
45071
45085
45116
45125
45131
45139
45149
45155
45194
45198
45202
45213
45218
45219
45229
45240
45258
45264
45284
45291
45319
45324
45358
45369
45391
45395
45440
45487
45488
45508
45521
45526
45534
45547
45548
45563
45572
45575
45586
45601
45602
45616
45627
45634
45705
45715
45720
45724
45727
45746
45750
45762
45763
45764
45767
45776
45814
45819
45828
45845
45857
45869
45879
45897
45898
45904
45908
45916
45918
45929
45936
45941
45957
45972
45976
45977
45996
45998
45999
46004
46006
46026
46034
46048
46056
46060
46063
46074
46078
46082
46090
46098
46126
46135
46152
46155
46166
46172
46189
46194
46198
46217
46234
46244
46251
46263
46264
46268
46284
46287
46291
46300
46324
46348
46360
46376
46377
46380
46403
46420
46443
46445
46450
46457
46466
46472
46475
46481
46489
46504
46508
46516
46518
46521
46525
46527
46528
46554
46555
46559
46591
46614
46634
46654
46669
46673
46674
46692
46707
46725
46743
46765
46767
46772
46773
46777
46779
46790
46797
46804
46838
46855
46866
46880
46891
46894
46904
46916
46920
46933
46935
46958
46960
46996
47017
47022
47031
47042
47043
47055
47067
47069
47073
47089
47090
47094
47117
47154
47155
47161
47175
47189
47203
47213
47230
47239
47244
47257
47265
47279
47290
47306
47309
47329
47330
47333
47335
47338
47361
47383
47425
47447
47455
47459
47467
47469
47503
47514
47540
47546
47550
47555
47557
47558
47561
47562
47579
47600
47626
47652
47665
47699
47715
47758
47767
47773
47786
47798
47800
47823
47830
47842
47852
47860
47861
47863
47867
47870
47884
47907
47909
47928
47929
47948
47949
47996
48008
48014
48016
48035
48048
48083
48085
48093
48099
48116
48130
48137
48138
48143
48144
48149
48160
48165
48171
48180
48187
48202
48227
48241
48248
48281
48291
48293
48300
48305
48310
48333
48338
48343
48371
48372
48383
48386
48388
48406
48408
48411
48415
48416
48423
48427
48446
48451
48471
48492
48493
48500
48533
48534
48548
48565
48578
48602
48620
48633
48641
48652
48662
48673
48675
48708
48743
48758
48765
48772
48799
48805
48814
48852
48856
48870
48871
48878
48885
48914
48915
48920
48932
48935
48937
48941
48948
49005
49008
49010
49019
49039
49077
49089
49121
49156
49159
49171
49174
49191
49192
49200
49241
49244
49251
49258
49274
49279
49308
49323
49345
49372
49373
49374
49376
49378
49380
49384
49389
49392
49396
49414
49415
49430
49463
49490
49497
49503
49516
49524
49539
49542
49558
49587
49596
49616
49626
49628
49634
49639
49641
49650
49681
49692
49696
49702
49705
49714
49718
49722
49723
49726
49743
49747
49768
49769
49794
49821
49865
49869
49885
49892
49904
49906
49907
49909
49911
49913
49945
49956
49958
49969
49972
49974
49989
49993
49999
50001
50005
50008
50011
50017
50020
50039
50055
50059
50065
50066
50070
50084
50087
50088
50091
50109
50132
50163
50171
50175
50180
50197
50214
50222
50224
50235
50237
50242
50246
50261
50282
50284
50304
50307
50314
50318
50360
50368
50387
50400
50454
50464
50486
50500
50502
50523
50529
50544
50548
50580
50583
50595
50597
50605
50607
50621
50626
50627
50630
50638
50641
50648
50657
50659
50661
50683
50690
50691
50703
50708
50729
50747
50749
50766
50774
50794
50814
50817
50818
50819
50820
50825
50829
50844
50863
50875
50884
50888
50890
50896
50898
50912
50920
50923
50951
50972
51014
51029
51042
51051
51067
51083
51091
51093
51111
51122
51133
51138
51158
51168
51171
51179
51182
51202
51214
51218
51223
51252
51268
51291
51298
51321
51339
51346
51353
51358
51362
51375
51388
51389
51394
51406
51408
51419
51422
51426
51435
51438
51445
51447
51453
51482
51503
51506
51511
51519
51524
51535
51536
51542
51568
51570
51586
51598
51606
51609
51633
51637
51642
51650
51666
51669
51682
51688
51699
51702
51710
51714
51723
51737
51740
51744
51748
51759
51762
51769
51787
51792
51800
51802
51811
51813
51814
51831
51867
51873
51874
51881
51883
51890
51894
51906
51908
51924
51958
51991
52061
52066
52067
52068
52082
52096
52100
52109
52117
52127
52130
52132
52146
52180
52181
52190
52202
52210
52219
52221
52229
52258
52263
52264
52272
52300
52324
52330
52338
52352
52356
52367
52376
52390
52397
52400
52403
52407
52414
52418
52432
52438
52454
52458
52475
52487
52498
52501
52515
52534
52536
52537
52544
52551
52553
52561
52567
52586
52588
52615
52616
52620
52621
52622
52633
52651
52656
52661
52664
52688
52704
52706
52737
52773
52789
52799
52802
52811
52815
52816
52833
52856
52905
52915
52925
52937
52947
52962
52965
52978
53005
53007
53016
53054
53064
53069
53088
53100
53101
53133
53149
53155
53162
53163
53166
53170
53205
53208
53223
53257
53264
53311
53312
53323
53336
53337
53349
53358
53360
53369
53371
53379
53380
53384
53387
53393
53395
53407
53415
53419
53420
53430
53433
53444
53446
53473
53483
53501
53511
53540
53552
53566
53588
53600
53620
53655
53683
53688
53694
53696
53707
53717
53750
53754
53766
53784
53795
53816
53831
53833
53835
53836
53839
53843
53888
53889
53896
53926
53942
53962
53963
53974
53981
53984
53997
54015
54016
54021
54022
54040
54103
54137
54142
54144
54146
54169
54171
54172
54188
54224
54245
54250
54252
54267
54298
54304
54305
54314
54316
54330
54335
54341
54371
54415
54421
54442
54462
54475
54478
54485
54496
54497
54510
54536
54550
54559
54560
54566
54567
54610
54621
54622
54626
54639
54648
54650
54651
54667
54710
54726
54728
54766
54771
54778
54781
54813
54825
54831
54832
54834
54849
54878
54881
54889
54891
54904
54919
54920
54923
54926
54927
54932
54949
54961
54978
54995
55012
55025
55028
55030
55036
55059
55064
55093
55097
55138
55141
55170
55171
55172
55180
55187
55195
55206
55207
55227
55244
55246
55249
55272
55274
55275
55280
55297
55317
55355
55356
55395
55397
55405
55408
55416
55453
55460
55464
55471
55486
55488
55491
55497
55527
55539
55546
55553
55565
55574
55592
55606
55615
55617
55626
55632
55636
55637
55645
55677
55686
55688
55691
55696
55715
55733
55742
55750
55770
55794
55797
55799
55810
55827
55841
55843
55867
55870
55879
55901
55940
55961
55980
55993
56018
56031
56048
56056
56057
56059
56069
56076
56082
56088
56089
56092
56093
56108
56110
56118
56119
56136
56144
56146
56192
56196
56203
56212
56271
56275
56300
56308
56311
56318
56369
56370
56377
56378
56382
56384
56390
56391
56432
56433
56436
56459
56463
56467
56485
56513
56520
56526
56548
56553
56575
56581
56611
56639
56652
56653
56654
56660
56673
56677
56690
56700
56742
56748
56779
56782
56787
56790
56810
56844
56849
56871
56877
56888
56893
56907
56922
56923
56924
56930
56952
56961
56971
56973
56976
56978
57009
57011
57023
57028
57043
57054
57057
57079
57084
57093
57094
57104
57114
57115
57133
57190
57197
57211
57218
57223
57234
57249
57253
57256
57268
57271
57282
57285
57287
57299
57331
57333
57344
57345
57348
57376
57380
57398
57427
57432
57436
57460
57465
57478
57482
57483
57527
57544
57547
57566
57567
57570
57572
57573
57576
57590
57594
57599
57600
57604
57611
57615
57630
57647
57659
57661
57690
57705
57710
57717
57730
57739
57744
57748
57761
57780
57790
57800
57811
57813
57818
57827
57850
57887
57895
57904
57910
57911
57937
57939
57949
57951
57970
57994
58011
58021
58052
58073
58081
58089
58092
58107
58116
58119
58124
58138
58141
58142
58147
58157
58162
58168
58172
58178
58180
58185
58191
58199
58208
58222
58228
58244
58255
58261
58267
58269
58272
58285
58294
58304
58316
58323
58324
58335
58340
58363
58402
58415
58457
58463
58464
58480
58483
58486
58490
58500
58507
58514
58532
58535
58536
58541
58543
58550
58551
58558
58561
58575
58597
58609
58614
58619
58642
58646
58660
58662
58674
58675
58689
58710
58734
58751
58754
58757
58788
58791
58792
58818
58837
58840
58846
58848
58856
58859
58873
58883
58889
58910
58916
58919
58922
58941
58949
58960
58967
58968
58976
58980
58981
58987
58990
59025
59035
59055
59068
59096
59098
59102
59124
59135
59148
59168
59172
59184
59194
59200
59222
59242
59256
59271
59291
59302
59320
59325
59333
59345
59347
59382
59391
59404
59411
59419
59423
59426
59434
59440
59441
59464
59465
59467
59494
59506
59535
59550
59554
59564
59593
59600
59613
59639
59645
59662
59676
59709
59723
59736
59813
59816
59832
59840
59862
59881
59910
59928
59954
59955
59956
59959
59967
59975
59978
59985
59988
60005
60010
60012
60049
60064
60082
60101
60118
60124
60158
60160
60165
60175
60193
60194
60245
60262
60270
60297
60303
60307
60318
60322
60329
60336
60350
60364
60378
60379
60399
60412
60429
60432
60470
60487
60490
60491
60494
60507
60514
60520
60534
60560
60561
60573
60588
60600
60615
60622
60623
60627
60630
60633
60650
60652
60654
60676
60681
60714
60735
60737
60738
60804
60817
60821
60847
60857
60858
60862
60865
60868
60871
60876
60884
60900
60939
60941
60943
60953
60958
60961
60966
60970
60978
60979
60980
60999
61000
61005
61012
61020
61021
61029
61035
61040
61050
61066
61086
61088
61097
61100
61101
61114
61132
61137
61138
61154
61156
61183
61198
61221
61239
61272
61302
61304
61333
61341
61349
61365
61368
61371
61394
61406
61410
61417
61418
61420
61423
61431
61438
61448
61455
61487
61489
61491
61493
61500
61506
61520
61522
61557
61559
61562
61570
61580
61585
61595
61605
61610
61612
61675
61678
61683
61694
61696
61715
61724
61755
61763
61764
61766
61775
61790
61799
61814
61819
61840
61844
61869
61876
61883
61884
61886
61894
61920
61938
61939
61946
62010
62032
62047
62076
62084
62099
62115
62131
62134
62138
62160
62162
62166
62178
62233
62273
62287
62297
62307
62309
62352
62367
62392
62405
62409
62419
62424
62436
62445
62481
62483
62491
62499
62521
62531
62542
62544
62545
62552
62560
62590
62603
62626
62637
62641
62652
62673
62737
62760
62764
62773
62784
62786
62795
62805
62808
62813
62818
62825
62835
62841
62845
62853
62858
62887
62895
62897
62915
62920
62928
62929
62949
62950
62959
62976
62993
62994
63017
63023
63058
63080
63081
63083
63097
63105
63115
63118
63120
63129
63135
63141
63152
63176
63181
63182
63202
63212
63214
63219
63225
63251
63270
63279
63281
63287
63288
63296
63303
63309
63315
63320
63332
63338
63340
63350
63397
63405
63409
63420
63424
63430
63434
63440
63452
63454
63456
63464
63467
63468
63480
63500
63511
63516
63545
63548
63554
63565
63568
63571
63579
63582
63617
63618
63642
63650
63661
63681
63682
63685
63690
63692
63695
63697
63709
63724
63731
63749
63785
63786
63793
63805
63823
63826
63848
63850
63856
63878
63879
63896
63902
63917
63924
63936
63941
63957
63963
63983
63984
64016
64028
64038
64054
64064
64070
64089
64123
64134
64136
64143
64154
64160
64163
64178
64179
64192
64202
64207
64211
64226
64230
64235
64247
64248
64253
64255
64268
64273
64274
64307
64310
64315
64325
64330
64334
64337
64420
64433
64434
64441
64459
64460
64465
64469
64477
64485
64511
64514
64529
64571
64573
64586
64601
64605
64607
64618
64629
64631
64638
64663
64670
64697
64719
64727
64729
64742
64745
64757
64758
64794
64796
64797
64816
64833
64863
64868
64870
64875
64880
64885
64898
64913
64975
64977
64991
65002
65006
65008
65016
65022
65037
65038
65062
65064
65072
65083
65088
65091
65092
65096
65109
65116
65118
65141
65149
65151
65156
65163
65211
65216
65217
65219
65223
65275
65287
65288
65290
65292
65296
65306
65316
65325
65326
65328
65339
65346
65363
65375
65376
65387
65408
65413
65428
65449
65473
65477
65483
65491
65492
65501
65515
65527
65535
65540
65541
65542
65555
65557
65576
65578
65580
65583
65596
65599
65608
65614
65618
65627
65629
65655
65658
65679
65693
65701
65708
65714
65725
65729
65745
65758
65761
65764
65778
65798
65806
65809
65828
65849
65852
65858
65866
65871
65890
65893
65895
65898
65900
65920
65923
65927
65946
65948
65954
65973
65999
66024
66031
66042
66045
66052
66057
66059
66067
66069
66072
66079
66096
66098
66112
66123
66126
66137
66155
66167
66182
66188
66197
66212
66233
66239
66244
66253
66254
66261
66269
66272
66288
66295
66297
66302
66306
66325
66341
66353
66354
66360
66370
66407
66411
66427
66443
66461
66463
66497
66499
66506
66507
66540
66544
66561
66565
66572
66581
66593
66605
66608
66633
66634
66644
66665
66666
66669
66672
66688
66695
66705
66706
66736
66750
66762
66767
66774
66775
66782
66788
66789
66807
66811
66858
66861
66866
66910
66911
66922
66924
66944
66945
66955
66959
66976
67018
67033
67042
67044
67075
67079
67087
67138
67145
67148
67149
67150
67161
67167
67172
67173
67186
67190
67216
67220
67241
67265
67285
67288
67295
67301
67309
67314
67327
67331
67339
67348
67379
67386
67387
67421
67426
67444
67446
67451
67488
67491
67497
67504
67513
67516
67527
67529
67552
67556
67558
67559
67579
67592
67599
67606
67625
67639
67646
67649
67653
67659
67710
67712
67719
67730
67737
67738
67750
67755
67772
67776
67782
67783
67798
67805
67815
67823
67854
67861
67867
67869
67883
67895
67911
67912
67922
67940
67949
67965
67972
67983
67988
68006
68009
68015
68028
68032
68043
68062
68079
68081
68126
68133
68137
68164
68182
68187
68217
68219
68243
68251
68255
68267
68279
68289
68305
68306
68310
68323
68324
68344
68353
68369
68377
68413
68425
68449
68452
68454
68474
68504
68511
68515
68527
68528
68547
68549
68565
68580
68588
68592
68603
68610
68618
68623
68659
68664
68677
68704
68725
68728
68734
68736
68777
68781
68784
68815
68821
68845
68858
68877
68884
68888
68890
68900
68913
68931
68936
68939
68954
68960
68966
68967
68980
68989
68991
69019
69029
69068
69075
69088
69102
69115
69118
69119
69142
69161
69171
69189
69192
69200
69206
69225
69227
69229
69234
69238
69248
69263
69269
69281
69320
69326
69355
69374
69389
69395
69414
69416
69420
69421
69435
69445
69458
69464
69482
69498
69508
69519
69528
69546
69559
69561
69601
69605
69606
69618
69628
69631
69650
69656
69661
69675
69677
69678
69685
69712
69738
69741
69745
69748
69750
69755
69764
69767
69771
69779
69792
69793
69799
69802
69807
69815
69822
69826
69845
69848
69864
69890
69893
69909
69910
69927
69948
69971
69977
69993
70004
70015
70022
70025
70030
70032
70049
70060
70067
70069
70071
70081
70091
70107
70115
70140
70143
70221
70225
70235
70248
70280
70290
70298
70300
70317
70323
70352
70359
70375
70392
70431
70447
70475
70487
70494
70503
70518
70530
70537
70539
70568
70577
70639
70660
70688
70691
70721
70756
70757
70777
70778
70797
70798
70807
70831
70843
70855
70943
70947
70950
70956
70960
70961
70962
70983
70998
71015
71020
71034
71046
71056
71085
71092
71105
71115
71124
71126
71132
71161
71187
71195
71226
71239
71250
71253
71256
71265
71286
71291
71317
71334
71372
71374
71389
71405
71411
71429
71447
71487
71499
71516
71517
71523
71541
71543
71572
71602
71611
71617
71621
71631
71636
71646
71648
71658
71662
71673
71678
71685
71694
71699
71720
71730
71731
71743
71751
71765
71768
71784
71793
71797
71806
71828
71831
71833
71851
71864
71891
71895
71896
71898
71914
71936
71962
71964
71967
71976
71982
72005
72011
72022
72030
72072
72081
72087
72104
72112
72130
72153
72154
72171
72174
72175
72184
72192
72194
72203
72207
72209
72215
72243
72262
72301
72302
72349
72355
72356
72393
72398
72403
72406
72422
72438
72453
72472
72475
72487
72491
72500
72508
72520
72525
72566
72567
72583
72586
72590
72605
72615
72629
72634
72641
72647
72651
72664
72683
72689
72691
72692
72699
72716
72724
72730
72732
72747
72750
72761
72771
72789
72801
72825
72851
72876
72880
72886
72899
72911
72914
72920
72936
72938
72940
72947
72971
72994
73013
73039
73046
73051
73084
73123
73132
73141
73149
73158
73177
73192
73202
73215
73233
73242
73244
73248
73287
73302
73322
73324
73380
73387
73388
73398
73405
73407
73448
73454
73467
73499
73502
73529
73539
73561
73566
73585
73594
73608
73615
73618
73637
73655
73666
73670
73681
73683
73689
73698
73701
73727
73747
73758
73760
73787
73803
73809
73820
73823
73829
73838
73851
73864
73897
73907
73910
73925
73949
73952
73961
73984
73985
74023
74031
74032
74041
74061
74071
74079
74085
74112
74114
74134
74140
74146
74148
74154
74163
74164
74184
74187
74213
74229
74236
74271
74272
74273
74274
74275
74314
74317
74322
74331
74338
74342
74351
74353
74373
74376
74426
74434
74438
74450
74470
74477
74479
74483
74490
74505
74524
74531
74535
74550
74557
74560
74562
74601
74620
74622
74623
74632
74637
74679
74706
74710
74739
74740
74759
74781
74807
74808
74820
74839
74869
74880
74881
74884
74890
74903
74906
74937
74966
74972
74975
74982
74983
74991
74994
75024
75028
75045
75075
75076
75095
75102
75108
75114
75122
75124
75147
75176
75178
75192
75218
75227
75236
75241
75265
75266
75269
75297
75308
75309
75333
75336
75348
75363
75389
75398
75402
75403
75416
75424
75430
75431
75434
75437
75457
75460
75498
75503
75507
75522
75529
75532
75547
75577
75579
75583
75621
75654
75659
75664
75672
75691
75701
75703
75710
75723
75729
75766
75771
75787
75795
75812
75817
75821
75823
75826
75830
75840
75857
75859
75872
75883
75884
75897
75905
75906
75907
75909
75916
75937
75938
75949
75954
75955
75960
75965
75979
75983
75995
76004
76009
76018
76026
76065
76068
76097
76102
76127
76130
76133
76145
76176
76184
76194
76202
76216
76222
76238
76249
76255
76262
76271
76281
76284
76286
76310
76313
76315
76363
76366
76375
76399
76404
76412
76436
76441
76461
76488
76516
76526
76541
76571
76593
76603
76613
76619
76638
76656
76674
76689
76696
76729
76743
76757
76800
76801
76802
76804
76829
76844
76865
76868
76874
76882
76888
76899
76905
76917
76932
76957
76960
76961
76976
77003
77027
77041
77058
77079
77080
77081
77091
77098
77124
77146
77152
77167
77169
77175
77177
77186
77216
77224
77232
77235
77248
77279
77308
77313
77317
77344
77367
77381
77387
77395
77410
77418
77429
77431
77511
77515
77539
77541
77547
77557
77559
77560
77566
77568
77569
77573
77582
77600
77602
77635
77647
77650
77651
77653
77669
77672
77676
77689
77716
77718
77755
77758
77775
77780
77795
77799
77805
77834
77840
77874
77875
77877
77896
77912
77917
77948
77961
77970
78004
78007
78032
78049
78066
78080
78110
78112
78114
78140
78153
78154
78189
78197
78203
78217
78221
78229
78251
78253
78320
78349
78350
78355
78367
78370
78381
78393
78425
78452
78480
78487
78499
78502
78554
78557
78574
78598
78613
78620
78625
78629
78644
78653
78668
78669
78688
78700
78721
78734
78743
78744
78748
78775
78781
78782
78786
78809
78820
78843
78855
78863
78873
78874
78881
78888
78892
78900
78912
78934
78942
78949
78958
78963
78966
78975
78978
78992
79002
79008
79014
79017
79021
79026
79028
79032
79036
79039
79062
79065
79087
79088
79119
79137
79160
79164
79177
79196
79202
79205
79232
79246
79261
79262
79268
79274
79279
79283
79288
79290
79295
79297
79307
79314
79320
79336
79340
79342
79376
79379
79391
79396
79397
79418
79466
79476
79485
79496
79504
79508
79514
79529
79539
79547
79553
79556
79569
79586
79594
79624
79625
79628
79637
79641
79654
79675
79676
79678
79683
79692
79720
79721
79732
79737
79746
79748
79763
79767
79775
79779
79784
79826
79833
79840
79845
79856
79871
79884
79901
79934
79940
79957
79962
79970
79979
79980
79999
80000
80025
80045
80058
80063
80067
80075
80076
80097
80124
80137
80146
80150
80156
80179
80190
80193
80199
80215
80224
80230
80236
80238
80256
80257
80260
80263
80295
80318
80322
80340
80347
80357
80363
80364
80391
80392
80397
80401
80404
80411
80414
80433
80441
80454
80501
80514
80527
80537
80538
80539
80566
80567
80568
80569
80576
80582
80593
80602
80609
80610
80611
80615
80618
80619
80627
80650
80651
80668
80676
80721
80726
80735
80739
80751
80760
80761
80775
80783
80786
80802
80836
80852
80865
80866
80867
80876
80877
80886
80924
80939
80942
80950
80952
80955
80972
80974
80977
80981
81026
81029
81039
81082
81086
81101
81119
81134
81153
81156
81180
81186
81193
81201
81203
81207
81220
81227
81243
81249
81254
81275
81279
81301
81312
81321
81351
81362
81363
81374
81376
81381
81406
81407
81411
81427
81430
81433
81441
81443
81466
81482
81487
81502
81509
81512
81515
81537
81540
81548
81558
81559
81561
81562
81575
81580
81581
81603
81617
81631
81642
81657
81671
81672
81673
81688
81690
81699
81711
81720
81730
81734
81743
81774
81776
81786
81804
81807
81811
81838
81839
81859
81862
81871
81876
81908
81909
81938
81946
81961
81977
81985
82022
82035
82040
82064
82076
82101
82118
82119
82124
82152
82155
82170
82221
82222
82230
82241
82254
82262
82266
82270
82294
82295
82296
82306
82308
82323
82327
82350
82356
82359
82378
82380
82385
82408
82416
82421
82422
82449
82452
82454
82462
82476
82514
82523
82532
82546
82551
82589
82595
82599
82604
82629
82636
82639
82644
82664
82668
82679
82684
82694
82697
82705
82710
82711
82716
82753
82762
82771
82774
82784
82809
82823
82863
82867
82868
82870
82873
82877
82889
82901
82904
82909
82915
82917
82919
82925
82929
82932
82941
82951
82954
82969
82992
83009
83034
83040
83057
83066
83067
83070
83071
83075
83077
83082
83094
83103
83107
83114
83120
83122
83143
83145
83149
83156
83185
83195
83202
83237
83248
83250
83274
83280
83292
83304
83359
83362
83380
83384
83388
83399
83409
83423
83428
83430
83435
83436
83440
83449
83458
83459
83481
83490
83494
83501
83533
83558
83566
83568
83571
83575
83590
83598
83599
83628
83637
83645
83654
83661
83687
83701
83721
83723
83745
83752
83758
83767
83769
83774
83792
83829
83839
83852
83865
83868
83871
83872
83890
83895
83908
83926
83936
83997
83998
84028
84030
84033
84038
84070
84072
84098
84107
84118
84127
84140
84152
84155
84164
84171
84200
84216
84225
84232
84250
84255
84256
84258
84259
84261
84276
84281
84282
84286
84293
84299
84303
84313
84319
84330
84332
84345
84382
84409
84415
84460
84483
84500
84518
84524
84535
84560
84568
84577
84589
84593
84601
84608
84624
84634
84636
84638
84642
84646
84651
84652
84661
84664
84666
84696
84704
84709
84731
84734
84749
84758
84805
84815
84817
84828
84837
84860
84868
84879
84888
84897
84899
84920
84922
84932
84938
84946
84953
84977
84991
85007
85018
85067
85077
85081
85099
85116
85121
85141
85151
85161
85163
85168
85187
85216
85231
85232
85244
85250
85263
85306
85315
85324
85338
85343
85353
85369
85374
85388
85392
85394
85403
85416
85423
85428
85435
85436
85437
85470
85489
85502
85515
85523
85538
85548
85561
85587
85593
85603
85615
85622
85636
85643
85656
85659
85668
85700
85720
85764
85775
85798
85800
85835
85877
85882
85887
85898
85900
85901
85940
85941
85954
85956
85963
85969
85986
85994
86008
86019
86038
86102
86117
86137
86156
86194
86199
86215
86224
86228
86244
86258
86266
86279
86300
86325
86334
86338
86344
86347
86348
86349
86353
86358
86360
86369
86383
86433
86443
86444
86451
86461
86484
86535
86537
86541
86543
86544
86565
86578
86580
86582
86599
86611
86621
86625
86632
86635
86638
86648
86675
86680
86683
86695
86704
86725
86737
86757
86765
86766
86779
86814
86817
86823
86831
86838
86851
86855
86857
86859
86861
86867
86870
86871
86897
86898
86906
86909
86923
86925
86966
86979
86985
87010
87015
87016
87041
87065
87066
87069
87074
87075
87090
87097
87100
87106
87117
87123
87128
87144
87156
87167
87179
87215
87225
87234
87238
87247
87265
87305
87307
87334
87351
87355
87357
87419
87420
87425
87428
87432
87440
87443
87457
87458
87476
87477
87484
87517
87542
87544
87559
87564
87568
87569
87570
87590
87592
87608
87610
87612
87615
87624
87638
87641
87661
87668
87670
87674
87684
87687
87705
87717
87736
87763
87770
87782
87798
87799
87855
87861
87862
87895
87898
87900
87920
87926
87932
87949
87965
87971
88006
88007
88040
88048
88065
88072
88085
88094
88102
88104
88110
88127
88144
88210
88215
88229
88236
88238
88257
88275
88292
88293
88294
88308
88326
88331
88344
88352
88370
88374
88379
88382
88385
88395
88401
88425
88428
88442
88449
88450
88476
88477
88490
88504
88515
88530
88556
88567
88575
88578
88583
88585
88591
88603
88629
88634
88648
88649
88658
88666
88691
88698
88714
88715
88737
88742
88758
88761
88777
88798
88818
88835
88839
88841
88843
88853
88880
88890
88909
88910
88919
88922
88925
88931
88945
88979
88987
89000
89007
89012
89016
89036
89045
89058
89060
89061
89072
89086
89097
89104
89108
89110
89121
89145
89163
89185
89208
89212
89225
89236
89260
89274
89276
89297
89311
89320
89337
89339
89354
89376
89377
89390
89392
89412
89425
89428
89434
89441
89444
89452
89456
89470
89476
89485
89487
89490
89501
89503
89506
89516
89519
89521
89533
89546
89558
89579
89589
89598
89599
89605
89632
89639
89642
89648
89676
89690
89706
89727
89730
89751
89781
89782
89803
89804
89827
89839
89843
89849
89861
89867
89868
89877
89882
89886
89887
89907
89916
89917
89944
89957
89962
90005
90012
90015
90027
90029
90042
90068
90069
90096
90119
90132
90143
90146
90159
90169
90173
90193
90196
90237
90250
90262
90285
90286
90289
90296
90317
90323
90343
90344
90354
90361
90365
90374
90379
90389
90431
90433
90438
90448
90449
90455
90456
90466
90467
90472
90491
90497
90515
90521
90529
90538
90556
90567
90575
90584
90590
90611
90650
90663
90665
90670
90678
90701
90711
90715
90722
90734
90746
90760
90761
90766
90775
90813
90815
90838
90854
90873
90886
90888
90890
90895
90901
90918
90925
90926
90935
90939
90968
90986
91001
91008
91014
91029
91040
91044
91045
91048
91049
91053
91054
91055
91077
91084
91103
91113
91122
91140
91145
91153
91161
91177
91213
91219
91220
91231
91235
91250
91259
91288
91289
91313
91322
91324
91327
91338
91347
91364
91366
91393
91397
91398
91405
91407
91412
91420
91421
91425
91436
91446
91462
91475
91476
91482
91489
91527
91536
91560
91600
91601
91604
91620
91629
91635
91656
91664
91666
91680
91684
91694
91710
91712
91735
91750
91764
91778
91788
91803
91807
91814
91816
91854
91861
91866
91875
91884
91890
91902
91903
91933
91949
91957
91958
92015
92022
92045
92050
92054
92059
92070
92084
92085
92086
92130
92142
92148
92150
92153
92158
92163
92166
92170
92200
92204
92207
92210
92231
92233
92249
92250
92255
92282
92308
92311
92324
92327
92331
92340
92345
92371
92379
92382
92392
92406
92433
92471
92478
92488
92504
92518
92522
92529
92531
92543
92553
92561
92578
92589
92604
92612
92619
92625
92630
92636
92641
92648
92692
92708
92716
92718
92726
92727
92731
92735
92745
92746
92747
92753
92772
92780
92796
92799
92800
92838
92839
92845
92861
92875
92900
92914
92917
92919
92922
92936
92945
92970
92980
92982
92992
93005
93015
93018
93033
93038
93039
93042
93070
93085
93086
93090
93101
93119
93140
93141
93146
93160
93171
93174
93194
93197
93213
93215
93222
93247
93252
93262
93283
93296
93310
93316
93326
93355
93371
93377
93380
93388
93410
93412
93416
93443
93453
93477
93527
93565
93595
93598
93606
93607
93626
93638
93645
93657
93660
93662
93668
93676
93694
93699
93702
93778
93783
93794
93817
93820
93827
93836
93838
93840
93844
93847
93856
93876
93885
93893
93910
93912
93917
93939
93950
93952
93957
93961
93969
93970
93975
93981
93985
93992
94005
94011
94013
94023
94036
94050
94081
94088
94099
94117
94130
94194
94217
94231
94250
94306
94368
94371
94375
94381
94403
94427
94428
94441
94446
94465
94475
94479
94488
94504
94510
94512
94516
94526
94527
94577
94589
94591
94594
94622
94636
94637
94642
94649
94652
94660
94663
94687
94689
94691
94703
94727
94740
94746
94753
94757
94763
94781
94793
94795
94799
94800
94806
94822
94830
94846
94852
94860
94868
94911
94926
94929
94930
94942
94963
94965
94967
94968
94972
95006
95055
95065
95090
95096
95100
95115
95133
95137
95141
95144
95158
95169
95177
95185
95186
95196
95246
95254
95265
95274
95282
95284
95286
95287
95293
95304
95313
95315
95320
95336
95343
95353
95365
95393
95401
95411
95420
95422
95431
95441
95462
95469
95475
95519
95532
95551
95579
95586
95603
95604
95610
95645
95666
95671
95672
95687
95694
95706
95710
95719
95741
95756
95779
95805
95806
95813
95817
95822
95826
95868
95871
95885
95898
95899
95924
95926
95937
95939
95945
95952
95965
95975
95994
95999
96005
96055
96069
96072
96096
96099
96101
96125
96147
96167
96180
96187
96189
96190
96231
96236
96242
96253
96296
96297
96314
96321
96322
96324
96348
96358
96376
96405
96425
96426
96435
96472
96487
96504
96505
96511
96515
96522
96530
96532
96536
96555
96560
96572
96585
96592
96600
96620
96631
96638
96661
96671
96684
96685
96709
96710
96719
96722
96723
96731
96737
96745
96747
96751
96762
96775
96783
96791
96816
96826
96833
96855
96859
96865
96866
96882
96900
96907
96909
96917
96942
96944
96954
96973
96982
96983
96988
97001
97010
97014
97019
97042
97056
97059
97070
97077
97088
97109
97111
97120
97123
97130
97136
97139
97149
97159
97178
97222
97233
97241
97246
97290
97321
97356
97380
97382
97394
97422
97447
97471
97472
97496
97523
97528
97533
97543
97580
97584
97587
97599
97615
97630
97632
97637
97643
97670
97683
97692
97693
97709
97754
97755
97767
97782
97795
97801
97811
97831
97864
97865
97903
97912
97947
97959
97989
98030
98039
98044
98064
98093
98125
98126
98140
98153
98154
98177
98190
98202
98203
98252
98254
98260
98264
98267
98280
98281
98308
98312
98317
98328
98340
98362
98422
98426
98433
98457
98467
98471
98483
98489
98492
98496
98501
98502
98513
98515
98558
98569
98599
98601
98632
98668
98695
98706
98717
98751
98754
98758
98762
98766
98774
98822
98843
98848
98861
98862
98865
98869
98877
98905
98917
98962
98971
98978
98981
98993
99000
99012
99030
99038
99057
99087
99112
99113
99124
99126
99129
99130
99161
99162
99166
99194
99201
99202
99222
99252
99253
99265
99273
99296
99303
99314
99325
99328
99337
99338
99339
99340
99347
99358
99369
99385
99395
99408
99426
99448
99451
99453
99460
99463
99464
99492
99533
99545
99550
99560
99572
99583
99612
99619
99641
99645
99664
99674
99712
99753
99756
99786
99832
99852
99890
99900
99919
99927
99950
99957
99975
99989
